<?xml version="1.0" encoding="utf-8"?>
<COLLADA xmlns="http://www.collada.org/2005/11/COLLADASchema" version="1.4.1">
  <asset>
    <contributor>
      <author>Mixamo</author>
      <authoring_tool>COLLADA Mixamo exporter</authoring_tool>
      <comments/>
    </contributor>
    <created>2024-09-12T00:24:44Z</created>
    <modified>2024-09-12T00:24:44Z</modified>
    <revision/>
    <title/>
    <unit meter="0.010000"/>
    <up_axis>Y_UP</up_axis>
  </asset>
  <library_animations>
    <animation id="mixamorig_Hips-anim" name="mixamorig_Hips">
      <source id="mixamorig_Hips-Matrix-animation-input">
        <float_array id="mixamorig_Hips-Matrix-animation-input-array" count="77">

0.000000 0.033333 0.066667 0.100000 0.133333 0.166667 0.200000 0.233333 0.266667 0.300000 0.333333 0.366667 0.400000 0.433333 0.466667 0.500000
0.533333 0.566667 0.600000 0.633333 0.666667 0.700000 0.733333 0.766667 0.800000 0.833333 0.866667 0.900000 0.933333 0.966667 1.000000 1.033333
1.066667 1.100000 1.133333 1.166667 1.200000 1.233333 1.266667 1.300000 1.333333 1.366667 1.400000 1.433333 1.466667 1.500000 1.533333 1.566667
1.600000 1.633333 1.666667 1.700000 1.733333 1.766667 1.800000 1.833333 1.866667 1.900000 1.933333 1.966667 2.000000 2.033333 2.066667 2.100000
2.133333 2.166667 2.200000 2.233333 2.266667 2.300000 2.333333 2.366667 2.400000 2.433333 2.466667 2.500000 2.533333</float_array>
        <technique_common>
          <accessor source="#mixamorig_Hips-Matrix-animation-input-array" count="77">
            <param name="TIME" type="float"/>
          </accessor>
        </technique_common>
      </source>
      <source id="mixamorig_Hips-Matrix-animation-output-transform">
        <float_array id="mixamorig_Hips-Matrix-animation-output-transform-array" count="1232">

0.221493 -0.034222 -0.974561 0.055036 0.001280 0.999393 -0.034803 1.004547 0.975161 0.006462 0.221403 0.054386 0.000000 0.000000 0.000000 1.000000
0.215485 -0.038491 -0.975748 0.055406 0.013063 0.999247 -0.036533 1.004072 0.976420 -0.004874 0.215826 0.043547 0.000000 0.000000 0.000000 1.000000
0.208112 -0.042025 -0.977202 0.055810 0.026950 0.998944 -0.037220 1.003011 0.977734 -0.018589 0.209025 0.031948 0.000000 0.000000 0.000000 1.000000
0.199489 -0.044365 -0.978895 0.056197 0.043633 0.998386 -0.036357 1.001170 0.978928 -0.035459 0.201102 0.019770 0.000000 0.000000 0.000000 1.000000
0.189465 -0.045273 -0.980843 0.056573 0.063070 0.997435 -0.033856 0.998317 0.979860 -0.055448 0.191834 0.007201 0.000000 0.000000 0.000000 1.000000
0.177623 -0.044202 -0.983105 0.056965 0.084532 0.995984 -0.029508 0.994150 0.980461 -0.077862 0.180647 -0.005435 0.000000 0.000000 0.000000 1.000000
0.162976 -0.040393 -0.985803 0.057296 0.107195 0.993972 -0.023006 0.988547 0.980789 -0.101924 0.166324 -0.017514 0.000000 0.000000 0.000000 1.000000
0.143669 -0.033695 -0.989052 0.057324 0.130488 0.991339 -0.014819 0.981867 0.980985 -0.126931 0.146821 -0.028199 0.000000 0.000000 0.000000 1.000000
0.117305 -0.025197 -0.992776 0.056756 0.153759 0.988084 -0.006909 0.975005 0.981121 -0.151838 0.119782 -0.036806 0.000000 0.000000 0.000000 1.000000
0.081992 -0.016871 -0.996490 0.055393 0.175867 0.984411 -0.002196 0.969137 0.980993 -0.175070 0.083681 -0.043085 0.000000 0.000000 0.000000 1.000000
0.037520 -0.010569 -0.999240 0.053131 0.195407 0.980717 -0.003036 0.965285 0.980004 -0.195145 0.038862 -0.047150 0.000000 0.000000 0.000000 1.000000
-0.014107 -0.007323 -0.999874 0.049925 0.211376 0.977352 -0.010141 0.963868 0.977303 -0.211492 -0.012240 -0.049284 0.000000 0.000000 0.000000 1.000000
-0.069229 -0.007548 -0.997572 0.045839 0.223292 0.974483 -0.022869 0.964526 0.972290 -0.224333 -0.065777 -0.049697 0.000000 0.000000 0.000000 1.000000
-0.123900 -0.011668 -0.992226 0.041180 0.230972 0.972127 -0.040274 0.966552 0.965039 -0.234166 -0.117752 -0.048694 0.000000 0.000000 0.000000 1.000000
-0.174985 -0.020290 -0.984362 0.036432 0.233945 0.970297 -0.061587 0.969200 0.956373 -0.241063 -0.165041 -0.046606 0.000000 0.000000 0.000000 1.000000
-0.220110 -0.033653 -0.974894 0.031806 0.231607 0.969024 -0.085742 0.972017 0.947581 -0.244665 -0.205497 -0.043789 0.000000 0.000000 0.000000 1.000000
-0.257168 -0.050995 -0.965020 0.027206 0.224268 0.968194 -0.110928 0.974814 0.939983 -0.244950 -0.237552 -0.040542 0.000000 0.000000 0.000000 1.000000
-0.284605 -0.070689 -0.956035 0.022429 0.213796 0.967480 -0.135180 0.977466 0.934501 -0.242870 -0.260236 -0.037022 0.000000 0.000000 0.000000 1.000000
-0.302787 -0.091157 -0.948689 0.017361 0.202880 0.966435 -0.157614 0.979804 0.931214 -0.240193 -0.274131 -0.033235 0.000000 0.000000 0.000000 1.000000
-0.314827 -0.111573 -0.942568 0.012020 0.193393 0.964694 -0.178787 0.981790 0.929238 -0.238573 -0.282135 -0.029218 0.000000 0.000000 0.000000 1.000000
-0.325353 -0.131425 -0.936415 0.006439 0.185419 0.962202 -0.199467 0.983625 0.927235 -0.238527 -0.288687 -0.024899 0.000000 0.000000 0.000000 1.000000
-0.337694 -0.149597 -0.929292 0.000510 0.177665 0.959412 -0.219007 0.985590 0.924337 -0.239060 -0.297409 -0.020104 0.000000 0.000000 0.000000 1.000000
-0.351890 -0.164390 -0.921493 -0.005785 0.168662 0.957209 -0.235168 0.987741 0.920721 -0.238174 -0.309105 -0.014515 0.000000 0.000000 0.000000 1.000000
-0.365398 -0.174617 -0.914327 -0.012211 0.157725 0.956430 -0.245690 0.989813 0.917391 -0.233987 -0.321936 -0.007700 0.000000 0.000000 0.000000 1.000000
-0.375621 -0.180344 -0.909057 -0.018319 0.145095 0.957345 -0.249877 0.991394 0.915345 -0.225759 -0.333432 0.000709 0.000000 0.000000 0.000000 1.000000
-0.381715 -0.182428 -0.906098 -0.023679 0.131479 0.959642 -0.248597 0.992279 0.914881 -0.214026 -0.342325 0.010795 0.000000 0.000000 0.000000 1.000000
-0.384175 -0.181601 -0.905224 -0.028061 0.117277 0.962924 -0.242949 0.992705 0.915781 -0.199497 -0.348633 0.022290 0.000000 0.000000 0.000000 1.000000
-0.383023 -0.178263 -0.906375 -0.031378 0.101931 0.967054 -0.233272 0.993038 0.918098 -0.181736 -0.352234 0.034860 0.000000 0.000000 0.000000 1.000000
-0.376348 -0.173037 -0.910176 -0.033479 0.083758 0.972026 -0.219429 0.993343 0.922685 -0.158816 -0.351327 0.048314 0.000000 0.000000 0.000000 1.000000
-0.360546 -0.166982 -0.917673 -0.034131 0.060788 0.977547 -0.201760 0.993299 0.930758 -0.128527 -0.342300 0.062561 0.000000 0.000000 0.000000 1.000000
-0.332057 -0.160811 -0.929450 -0.033179 0.031972 0.982875 -0.181477 0.992612 0.942717 -0.089977 -0.321229 0.077423 0.000000 0.000000 0.000000 1.000000
-0.289314 -0.153925 -0.944777 -0.030686 -0.002284 0.987095 -0.160120 0.991253 0.957231 -0.044167 -0.285932 0.092517 0.000000 0.000000 0.000000 1.000000
-0.233604 -0.144391 -0.961551 -0.026833 -0.040594 0.989499 -0.138726 0.989482 0.971484 0.006626 -0.237012 0.107420 0.000000 0.000000 0.000000 1.000000
-0.168131 -0.130010 -0.977154 -0.021944 -0.081617 0.989697 -0.117636 0.987837 0.982380 0.059974 -0.177010 0.121896 0.000000 0.000000 0.000000 1.000000
-0.095552 -0.109495 -0.989384 -0.016302 -0.124469 0.987445 -0.097260 0.986701 0.987612 0.113854 -0.107981 0.135672 0.000000 0.000000 0.000000 1.000000
-0.015752 -0.083056 -0.996420 -0.010262 -0.168206 0.982562 -0.079242 0.985837 0.985626 0.166355 -0.029448 0.147943 0.000000 0.000000 0.000000 1.000000
0.074171 -0.052178 -0.995880 -0.004276 -0.211875 0.975007 -0.066864 0.984668 0.974478 0.215961 0.061262 0.157711 0.000000 0.000000 0.000000 1.000000
0.177356 -0.018609 -0.983971 0.001194 -0.254376 0.964979 -0.064100 0.983318 0.950704 0.261667 0.166411 0.165117 0.000000 0.000000 0.000000 1.000000
0.293733 0.016119 -0.955751 0.005474 -0.292698 0.953347 -0.073877 0.980271 0.909972 0.301447 0.284748 0.168707 0.000000 0.000000 0.000000 1.000000
0.418585 0.050477 -0.906774 0.007890 -0.323277 0.941337 -0.096830 0.974889 0.848692 0.333670 0.410348 0.168171 0.000000 0.000000 0.000000 1.000000
0.544002 0.082442 -0.835024 0.007760 -0.342353 0.930368 -0.131182 0.967548 0.766065 0.357236 0.534347 0.163894 0.000000 0.000000 0.000000 1.000000
0.661843 0.109171 -0.741651 0.004478 -0.346268 0.921992 -0.173289 0.959305 0.664878 0.371500 0.648016 0.156904 0.000000 0.000000 0.000000 1.000000
0.765686 0.127001 -0.630552 -0.002218 -0.332002 0.917665 -0.218325 0.951245 0.550908 0.376513 0.744808 0.148825 0.000000 0.000000 0.000000 1.000000
0.851138 0.132009 -0.508072 -0.011922 -0.298456 0.917904 -0.261490 0.944246 0.431842 0.374201 0.820662 0.141639 0.000000 0.000000 0.000000 1.000000
0.915587 0.121847 -0.383216 -0.023582 -0.248184 0.921054 -0.300107 0.938773 0.316395 0.369882 0.873545 0.137439 0.000000 0.000000 0.000000 1.000000
0.958660 0.098054 -0.267125 -0.036107 -0.187898 0.923118 -0.335481 0.934920 0.213693 0.371805 0.903381 0.137947 0.000000 0.000000 0.000000 1.000000
0.983195 0.066493 -0.170018 -0.048719 -0.126589 0.919358 -0.372500 0.932715 0.131539 0.387762 0.912326 0.144079 0.000000 0.000000 0.000000 1.000000
0.994800 0.034710 -0.095751 -0.060649 -0.071705 0.906337 -0.416428 0.932256 0.072328 0.421128 0.904113 0.155726 0.000000 0.000000 0.000000 1.000000
0.999223 0.008759 -0.038439 -0.071109 -0.025779 0.882842 -0.468962 0.933109 0.029828 0.469588 0.882381 0.171648 0.000000 0.000000 0.000000 1.000000
0.999873 -0.008363 0.013548 -0.079262 0.014247 0.849846 -0.526839 0.933318 -0.007108 0.526965 0.849857 0.189449 0.000000 0.000000 0.000000 1.000000
0.997489 -0.014979 0.069223 -0.085716 0.052691 0.810053 -0.583984 0.930580 -0.047327 0.586165 0.808808 0.206678 0.000000 0.000000 0.000000 1.000000
0.991807 -0.011087 0.127263 -0.091251 0.090040 0.767360 -0.634863 0.924087 -0.090617 0.641121 0.762071 0.222169 0.000000 0.000000 0.000000 1.000000
0.984040 0.002229 0.177931 -0.096345 0.120662 0.726569 -0.676416 0.916118 -0.130787 0.687090 0.714704 0.236299 0.000000 0.000000 0.000000 1.000000
0.977144 0.021168 0.211523 -0.100507 0.138260 0.692541 -0.708005 0.909268 -0.161476 0.721068 0.673785 0.248388 0.000000 0.000000 0.000000 1.000000
0.973439 0.041516 0.225151 -0.103354 0.140436 0.668401 -0.730423 0.904612 -0.180815 0.742642 0.644817 0.257182 0.000000 0.000000 0.000000 1.000000
0.972816 0.060809 0.223452 -0.105432 0.130161 0.654498 -0.744775 0.902430 -0.191538 0.753614 0.628792 0.262358 0.000000 0.000000 0.000000 1.000000
0.973746 0.076612 0.214358 -0.107605 0.114375 0.649511 -0.751701 0.902502 -0.196817 0.756483 0.623696 0.264405 0.000000 0.000000 0.000000 1.000000
0.975285 0.085808 0.203608 -0.110172 0.099410 0.652559 -0.751189 0.904740 -0.197325 0.752864 0.627900 0.264255 0.000000 0.000000 0.000000 1.000000
0.977776 0.086017 0.191196 -0.112617 0.086909 0.663619 -0.743006 0.909084 -0.190792 0.743109 0.641394 0.262579 0.000000 0.000000 0.000000 1.000000
0.982002 0.077383 0.172292 -0.114009 0.073810 0.682443 -0.727203 0.915264 -0.173852 0.726831 0.664449 0.259448 0.000000 0.000000 0.000000 1.000000
0.987989 0.062008 0.141539 -0.113645 0.056463 0.707758 -0.704195 0.922732 -0.143841 0.703729 0.695756 0.254473 0.000000 0.000000 0.000000 1.000000
0.994416 0.041878 0.096864 -0.111169 0.034645 0.737464 -0.674498 0.930935 -0.099680 0.674087 0.731895 0.247195 0.000000 0.000000 0.000000 1.000000
0.999054 0.017678 0.039737 -0.106420 0.011793 0.769335 -0.638737 0.939559 -0.041863 0.638601 0.768398 0.237206 0.000000 0.000000 0.000000 1.000000
0.999545 -0.009972 -0.028478 -0.098888 -0.009044 0.801399 -0.598062 0.947143 0.028786 0.598048 0.800943 0.225207 0.000000 0.000000 0.000000 1.000000
0.993547 -0.040521 -0.105933 -0.088429 -0.025177 0.831902 -0.554351 0.953932 0.110589 0.553441 0.825514 0.211057 0.000000 0.000000 0.000000 1.000000
0.978706 -0.072677 -0.191972 -0.075333 -0.036152 0.859578 -0.509725 0.959825 0.202060 0.505811 0.838646 0.195172 0.000000 0.000000 0.000000 1.000000
0.952915 -0.105231 -0.284393 -0.060307 -0.041452 0.883847 -0.465935 0.964834 0.300391 0.455785 0.837870 0.178231 0.000000 0.000000 0.000000 1.000000
0.915513 -0.136967 -0.378253 -0.044095 -0.040096 0.904506 -0.424572 0.969136 0.400285 0.403868 0.822595 0.161019 0.000000 0.000000 0.000000 1.000000
0.868300 -0.166314 -0.467327 -0.027191 -0.032170 0.921253 -0.387630 0.973046 0.494995 0.351613 0.794574 0.144253 0.000000 0.000000 0.000000 1.000000
0.814768 -0.191899 -0.547108 -0.010015 -0.019860 0.933846 -0.357123 0.977037 0.579446 0.301838 0.757057 0.128469 0.000000 0.000000 0.000000 1.000000
0.757789 -0.213162 -0.616699 0.006660 -0.006293 0.942701 -0.333578 0.981633 0.652469 0.256663 0.713027 0.113985 0.000000 0.000000 0.000000 1.000000
0.698165 -0.230224 -0.677911 0.021687 0.007063 0.949054 -0.315033 0.986646 0.715902 0.215157 0.664222 0.100505 0.000000 0.000000 0.000000 1.000000
0.636078 -0.242180 -0.732634 0.034137 0.020202 0.954372 -0.297937 0.991331 0.771360 0.174711 0.611948 0.087610 0.000000 0.000000 0.000000 1.000000
0.573112 -0.247261 -0.781284 0.043888 0.033137 0.959606 -0.279389 0.994859 0.818807 0.134232 0.558156 0.074818 0.000000 0.000000 0.000000 1.000000
0.512007 -0.244643 -0.823407 0.051351 0.045042 0.964913 -0.258678 0.996692 0.857799 0.095357 0.505062 0.061526 0.000000 0.000000 0.000000 1.000000
0.454330 -0.235143 -0.859239 0.056675 0.053932 0.970025 -0.236945 0.997289 0.889199 0.061311 0.453394 0.047631 0.000000 0.000000 0.000000 1.000000
0.398546 -0.220921 -0.890143 0.059762 0.058525 0.974703 -0.215705 0.997333 0.915279 0.033873 0.401394 0.033462 0.000000 0.000000 0.000000 1.000000</float_array>
        <technique_common>
          <accessor source="#mixamorig_Hips-Matrix-animation-output-transform-array" count="77" stride="16">
            <param type="float4x4"/>
          </accessor>
        </technique_common>
      </source>
      <source id="mixamorig_Hips-Interpolations">
        <Name_array id="mixamorig_Hips-Interpolations-array" count="77">
 LINEAR LINEAR LINEAR LINEAR LINEAR LINEAR LINEAR LINEAR LINEAR LINEAR LINEAR
LINEAR LINEAR LINEAR LINEAR LINEAR LINEAR LINEAR LINEAR LINEAR LINEAR LINEAR LINEAR
LINEAR LINEAR LINEAR LINEAR LINEAR LINEAR LINEAR LINEAR LINEAR LINEAR LINEAR LINEAR
LINEAR LINEAR LINEAR LINEAR LINEAR LINEAR LINEAR LINEAR LINEAR LINEAR LINEAR LINEAR
LINEAR LINEAR LINEAR LINEAR LINEAR LINEAR LINEAR LINEAR LINEAR LINEAR LINEAR LINEAR
LINEAR LINEAR LINEAR LINEAR LINEAR LINEAR LINEAR LINEAR LINEAR LINEAR LINEAR LINEAR
LINEAR LINEAR LINEAR LINEAR LINEAR LINEAR</Name_array>
        <technique_common>
          <accessor source="#mixamorig_Hips-Interpolations-array" count="77">
            <param type="name"/>
          </accessor>
        </technique_common>
      </source>
      <sampler id="mixamorig_Hips-Matrix-animation-transform">
        <input semantic="INPUT" source="#mixamorig_Hips-Matrix-animation-input"/>
        <input semantic="OUTPUT" source="#mixamorig_Hips-Matrix-animation-output-transform"/>
        <input semantic="INTERPOLATION" source="#mixamorig_Hips-Interpolations"/>
      </sampler>
      <channel source="#mixamorig_Hips-Matrix-animation-transform" target="mixamorig_Hips/matrix"/>
    </animation>
    <animation id="mixamorig_Spine-anim" name="mixamorig_Spine">
      <source id="mixamorig_Spine-Matrix-animation-input">
        <float_array id="mixamorig_Spine-Matrix-animation-input-array" count="77">

0.000000 0.033333 0.066667 0.100000 0.133333 0.166667 0.200000 0.233333 0.266667 0.300000 0.333333 0.366667 0.400000 0.433333 0.466667 0.500000
0.533333 0.566667 0.600000 0.633333 0.666667 0.700000 0.733333 0.766667 0.800000 0.833333 0.866667 0.900000 0.933333 0.966667 1.000000 1.033333
1.066667 1.100000 1.133333 1.166667 1.200000 1.233333 1.266667 1.300000 1.333333 1.366667 1.400000 1.433333 1.466667 1.500000 1.533333 1.566667
1.600000 1.633333 1.666667 1.700000 1.733333 1.766667 1.800000 1.833333 1.866667 1.900000 1.933333 1.966667 2.000000 2.033333 2.066667 2.100000
2.133333 2.166667 2.200000 2.233333 2.266667 2.300000 2.333333 2.366667 2.400000 2.433333 2.466667 2.500000 2.533333</float_array>
        <technique_common>
          <accessor source="#mixamorig_Spine-Matrix-animation-input-array" count="77">
            <param name="TIME" type="float"/>
          </accessor>
        </technique_common>
      </source>
      <source id="mixamorig_Spine-Matrix-animation-output-transform">
        <float_array id="mixamorig_Spine-Matrix-animation-output-transform-array" count="1232">

0.998021 0.061660 0.012304 0.000000 -0.059029 0.986239 -0.154431 0.163500 -0.021657 0.153399 0.987927 0.001800 0.000000 0.000000 0.000000 1.000000
0.997922 0.063652 0.009984 0.000000 -0.061279 0.985522 -0.158087 0.163500 -0.019902 0.157147 0.987375 0.001800 0.000000 0.000000 0.000000 1.000000
0.997932 0.063943 0.006501 0.000000 -0.062054 0.984891 -0.161673 0.163500 -0.016740 0.160935 0.986823 0.001800 0.000000 0.000000 0.000000 1.000000
0.998053 0.062344 0.002076 0.000000 -0.061149 0.984420 -0.164855 0.163500 -0.012321 0.164407 0.986316 0.001800 0.000000 0.000000 0.000000 1.000000
0.998293 0.058309 -0.003380 -0.000000 -0.058050 0.984156 -0.167531 0.163500 -0.006442 0.167442 0.985861 0.001800 0.000000 0.000000 0.000000 1.000000
0.998642 0.051071 -0.010250 -0.000000 -0.052070 0.984037 -0.170178 0.163500 0.001395 0.170481 0.985360 0.001800 0.000000 0.000000 0.000000 1.000000
0.999012 0.040273 -0.018806 -0.000000 -0.042928 0.983914 -0.173410 0.163500 0.011520 0.174046 0.984670 0.001800 0.000000 0.000000 0.000000 1.000000
0.999227 0.026469 -0.029059 0.000000 -0.031208 0.983696 -0.177112 0.163500 0.023897 0.177882 0.983762 0.001800 0.000000 0.000000 0.000000 1.000000
0.999106 0.010826 -0.040874 0.000000 -0.018031 0.983451 -0.180275 0.163500 0.038246 0.180851 0.982767 0.001800 0.000000 0.000000 0.000000 1.000000
0.998525 -0.005680 -0.053997 0.000000 -0.004244 0.983305 -0.181917 0.163500 0.054129 0.181878 0.981830 0.001800 0.000000 0.000000 0.000000 1.000000
0.997441 -0.022654 -0.067807 -0.000000 0.009954 0.983236 -0.182065 0.163500 0.070795 0.180924 0.980946 0.001800 0.000000 0.000000 0.000000 1.000000
0.995901 -0.039916 -0.081170 0.000000 0.024588 0.983041 -0.181729 0.163500 0.087047 0.178988 0.979993 0.001800 0.000000 0.000000 0.000000 1.000000
0.994029 -0.057185 -0.092934 0.000000 0.039507 0.982505 -0.181997 0.163500 0.101716 0.177239 0.978897 0.001800 0.000000 0.000000 0.000000 1.000000
0.991958 -0.073950 -0.102716 0.000000 0.054200 0.981571 -0.183250 0.163500 0.114375 0.176209 0.977685 0.001800 0.000000 0.000000 0.000000 1.000000
0.989743 -0.089895 -0.111034 0.000000 0.068272 0.980340 -0.185130 0.163500 0.125493 0.175650 0.976421 0.001800 0.000000 0.000000 0.000000 1.000000
0.987368 -0.104965 -0.118690 0.000000 0.081598 0.978973 -0.186958 0.163500 0.135818 0.174912 0.975171 0.001800 0.000000 0.000000 0.000000 1.000000
0.984889 -0.118778 -0.126038 0.000000 0.093846 0.977672 -0.188019 0.163500 0.145556 0.173350 0.974045 0.001800 0.000000 0.000000 0.000000 1.000000
0.982522 -0.130442 -0.132798 0.000000 0.104313 0.976693 -0.187589 0.163500 0.154172 0.170458 0.973229 0.001800 0.000000 0.000000 0.000000 1.000000
0.980518 -0.139300 -0.138492 -0.000000 0.112579 0.976283 -0.184928 0.163500 0.160968 0.165734 0.972945 0.001800 0.000000 0.000000 0.000000 1.000000
0.978917 -0.145830 -0.143021 0.000000 0.119250 0.976509 -0.179468 0.163500 0.165833 0.158629 0.973312 0.001800 0.000000 0.000000 0.000000 1.000000
0.977467 -0.151460 -0.147033 0.000000 0.125671 0.977195 -0.171164 0.163500 0.169604 0.148830 0.974210 0.001800 0.000000 0.000000 0.000000 1.000000
0.975801 -0.157479 -0.151696 0.000000 0.132849 0.978016 -0.160737 0.163500 0.173674 0.136695 0.975270 0.001800 0.000000 0.000000 0.000000 1.000000
0.973717 -0.164239 -0.157800 0.000000 0.140843 0.978675 -0.149528 0.163500 0.178993 0.123373 0.976084 0.001800 0.000000 0.000000 0.000000 1.000000
0.971348 -0.171301 -0.164740 0.000000 0.149086 0.979012 -0.138955 0.163500 0.185085 0.110413 0.976500 0.001800 0.000000 0.000000 0.000000 1.000000
0.969136 -0.178006 -0.170554 0.000000 0.156954 0.979020 -0.129942 0.163500 0.190107 0.099163 0.976743 0.001800 0.000000 0.000000 0.000000 1.000000
0.967581 -0.183671 -0.173355 0.000000 0.163818 0.978827 -0.122728 0.163500 0.192226 0.090351 0.977183 0.001800 0.000000 0.000000 0.000000 1.000000
0.966930 -0.187521 -0.172863 0.000000 0.168860 0.978658 -0.117107 0.163500 0.191134 0.084045 0.977959 0.001800 0.000000 0.000000 0.000000 1.000000
0.967078 -0.188862 -0.170563 0.000000 0.171257 0.978754 -0.112748 0.163500 0.188233 0.079826 0.978875 0.001800 0.000000 0.000000 0.000000 1.000000
0.967694 -0.187583 -0.168468 0.000000 0.170812 0.979236 -0.109183 0.163500 0.185450 0.076879 0.979642 0.001800 0.000000 0.000000 0.000000 1.000000
0.968497 -0.184018 -0.167785 0.000000 0.167952 0.980134 -0.105500 0.163500 0.183865 0.073997 0.980162 0.001800 0.000000 0.000000 0.000000 1.000000
0.969457 -0.178211 -0.168507 -0.000000 0.162980 0.981510 -0.100375 0.163500 0.183280 0.069846 0.980576 0.001800 0.000000 0.000000 0.000000 1.000000
0.970799 -0.169572 -0.169689 0.000000 0.155550 0.983453 -0.092866 0.163500 0.182629 0.063759 0.981112 0.001800 0.000000 0.000000 0.000000 1.000000
0.972817 -0.157444 -0.169818 0.000000 0.145010 0.985912 -0.083369 0.163500 0.180551 0.056478 0.981943 0.001800 0.000000 0.000000 0.000000 1.000000
0.975619 -0.142009 -0.167332 0.000000 0.131280 0.988611 -0.073578 0.163500 0.175875 0.049817 0.983151 0.001800 0.000000 0.000000 0.000000 1.000000
0.979038 -0.124100 -0.161507 0.000000 0.114908 0.991241 -0.065097 0.163500 0.168171 0.045174 0.984722 0.001800 0.000000 0.000000 0.000000 1.000000
0.982752 -0.103840 -0.153020 -0.000000 0.095979 0.993697 -0.057916 0.163500 0.158070 0.042231 0.986525 0.001800 0.000000 0.000000 0.000000 1.000000
0.986407 -0.080400 -0.143310 -0.000000 0.073838 0.995989 -0.050543 0.163500 0.146799 0.039274 0.988386 0.001800 0.000000 0.000000 0.000000 1.000000
0.989656 -0.052956 -0.133329 0.000000 0.047764 0.997982 -0.041845 0.163500 0.135276 0.035044 0.990188 0.001800 0.000000 0.000000 0.000000 1.000000
0.992231 -0.020694 -0.122675 0.000000 0.016777 0.999319 -0.032876 0.163500 0.123272 0.030563 0.991902 0.001800 0.000000 0.000000 0.000000 1.000000
0.993872 0.014808 -0.109542 -0.000000 -0.017939 0.999457 -0.027652 0.163500 0.109073 0.029447 0.993598 0.001800 0.000000 0.000000 0.000000 1.000000
0.994556 0.050005 -0.091418 0.000000 -0.053100 0.998084 -0.031745 0.163500 0.089656 0.036426 0.995306 0.001800 0.000000 0.000000 0.000000 1.000000
0.994524 0.081201 -0.065790 0.000000 -0.084535 0.995186 -0.049579 0.163500 0.061447 0.054869 0.996601 0.001800 0.000000 0.000000 0.000000 1.000000
0.993859 0.106263 -0.030867 0.000000 -0.108464 0.990749 -0.081564 0.163500 0.021914 0.084411 0.996190 0.001800 0.000000 0.000000 0.000000 1.000000
0.992050 0.125144 0.013291 -0.000000 -0.122593 0.984851 -0.122633 0.163500 -0.028437 0.120029 0.992363 0.001800 0.000000 0.000000 0.000000 1.000000
0.988190 0.139314 0.063807 -0.000000 -0.127318 0.978212 -0.163984 0.163500 -0.085262 0.153924 0.984397 0.001800 0.000000 0.000000 0.000000 1.000000
0.981745 0.151166 0.115438 0.000000 -0.126381 0.972013 -0.198039 0.163500 -0.142144 0.179834 0.973373 0.001800 0.000000 0.000000 0.000000 1.000000
0.973078 0.163285 0.162658 0.000000 -0.124923 0.966748 -0.223140 0.163500 -0.193685 0.196813 0.961119 0.001800 0.000000 0.000000 0.000000 1.000000
0.963268 0.177014 0.201944 -0.000000 -0.125634 0.961682 -0.243688 0.163500 -0.237342 0.209366 0.948596 0.001800 0.000000 0.000000 0.000000 1.000000
0.953597 0.191211 0.232576 0.000000 -0.126828 0.955679 -0.265691 0.163500 -0.273071 0.223865 0.935584 0.001800 0.000000 0.000000 0.000000 1.000000
0.945017 0.203875 0.255691 0.000000 -0.125398 0.948025 -0.292444 0.163500 -0.302023 0.244301 0.921466 0.001800 0.000000 0.000000 0.000000 1.000000
0.938401 0.213209 0.271931 0.000000 -0.119567 0.938688 -0.323370 0.163500 -0.324204 0.270937 0.906358 0.001800 0.000000 0.000000 0.000000 1.000000
0.934156 0.219181 0.281624 0.000000 -0.110417 0.927959 -0.355949 0.163500 -0.339352 0.301416 0.891060 0.001800 0.000000 0.000000 0.000000 1.000000
0.932156 0.221701 0.286241 0.000000 -0.099175 0.916711 -0.387047 0.163500 -0.348209 0.332400 0.876505 0.001800 0.000000 0.000000 0.000000 1.000000
0.931544 0.221737 0.288199 -0.000000 -0.087614 0.906081 -0.413934 0.163500 -0.352916 0.360348 0.863481 0.001800 0.000000 0.000000 0.000000 1.000000
0.931373 0.220572 0.289642 0.000000 -0.077483 0.897441 -0.434276 0.163500 -0.355726 0.382030 0.852943 0.001800 0.000000 0.000000 0.000000 1.000000
0.931328 0.218755 0.291161 -0.000000 -0.069913 0.892017 -0.446563 0.163500 -0.357409 0.395541 0.846053 0.001800 0.000000 0.000000 0.000000 1.000000
0.931518 0.216994 0.291869 0.000000 -0.065996 0.890039 -0.451082 0.163500 -0.357657 0.400929 0.843408 0.001800 0.000000 0.000000 0.000000 1.000000
0.931994 0.215954 0.291121 -0.000000 -0.066030 0.890859 -0.449455 0.163500 -0.356409 0.399667 0.844535 0.001800 0.000000 0.000000 0.000000 1.000000
0.932542 0.215553 0.289658 0.000000 -0.068955 0.893800 -0.443133 0.163500 -0.354415 0.393267 0.848370 0.001800 0.000000 0.000000 0.000000 1.000000
0.932989 0.214568 0.288950 0.000000 -0.072736 0.898697 -0.432496 0.163500 -0.352478 0.382497 0.854082 0.001800 0.000000 0.000000 0.000000 1.000000
0.933454 0.211652 0.289599 0.000000 -0.075754 0.905474 -0.417587 0.163500 -0.350608 0.367859 0.861251 0.001800 0.000000 0.000000 0.000000 1.000000
0.934318 0.206455 0.290562 0.000000 -0.077674 0.913515 -0.399320 0.163500 -0.347875 0.350522 0.869550 0.001800 0.000000 0.000000 0.000000 1.000000
0.936051 0.199511 0.289835 0.000000 -0.078956 0.921802 -0.379536 0.163500 -0.342892 0.332380 0.878606 0.001800 0.000000 0.000000 0.000000 1.000000
0.938689 0.191069 0.286975 0.000000 -0.079222 0.929649 -0.359829 0.163500 -0.335538 0.315033 0.887788 0.001800 0.000000 0.000000 0.000000 1.000000
0.942453 0.180768 0.281257 0.000000 -0.077844 0.936753 -0.341223 0.163500 -0.325151 0.299693 0.896918 0.001800 0.000000 0.000000 0.000000 1.000000
0.947014 0.168198 0.273630 0.000000 -0.073743 0.943024 -0.324450 0.163500 -0.312612 0.287081 0.905460 0.001800 0.000000 0.000000 0.000000 1.000000
0.952000 0.153473 0.264842 0.000000 -0.066426 0.948188 -0.310688 0.163500 -0.298802 0.278183 0.912870 0.001800 0.000000 0.000000 0.000000 1.000000
0.957348 0.136735 0.254534 0.000000 -0.055925 0.951967 -0.301051 0.163500 -0.283473 0.273975 0.919011 0.001800 0.000000 0.000000 0.000000 1.000000
0.963211 0.117320 0.241788 -0.000000 -0.042146 0.954493 -0.295241 0.163500 -0.265423 0.274189 0.924322 0.001800 0.000000 0.000000 0.000000 1.000000
0.969414 0.094285 0.226596 0.000000 -0.024953 0.956344 -0.291176 0.163500 -0.244158 0.276616 0.929446 0.001800 0.000000 0.000000 0.000000 1.000000
0.975161 0.068164 0.210746 -0.000000 -0.005081 0.958103 -0.286380 0.163500 -0.221437 0.278196 0.934651 0.001800 0.000000 0.000000 0.000000 1.000000
0.979530 0.042175 0.196833 0.000000 0.014942 0.959875 -0.280030 0.163500 -0.200745 0.277239 0.939596 0.001800 0.000000 0.000000 0.000000 1.000000
0.982281 0.019470 0.186400 0.000000 0.032774 0.961418 -0.273133 0.163500 -0.184526 0.274403 0.943744 0.001800 0.000000 0.000000 0.000000 1.000000
0.983921 0.000409 0.178605 -0.000000 0.048072 0.962488 -0.267033 0.163500 -0.172014 0.271325 0.946992 0.001800 0.000000 0.000000 0.000000 1.000000
0.985158 -0.017130 0.170791 0.000000 0.062133 0.963119 -0.261802 0.163500 -0.160007 0.268529 0.949890 0.001800 0.000000 0.000000 0.000000 1.000000
0.986357 -0.035701 0.160702 0.000000 0.076598 0.963620 -0.256067 0.163500 -0.145714 0.264883 0.953208 0.001800 0.000000 0.000000 0.000000 1.000000
0.987468 -0.055299 0.147815 0.000000 0.091210 0.964311 -0.248565 0.163500 -0.128794 0.258932 0.957270 0.001800 0.000000 0.000000 0.000000 1.000000</float_array>
        <technique_common>
          <accessor source="#mixamorig_Spine-Matrix-animation-output-transform-array" count="77" stride="16">
            <param type="float4x4"/>
          </accessor>
        </technique_common>
      </source>
      <source id="mixamorig_Spine-Interpolations">
        <Name_array id="mixamorig_Spine-Interpolations-array" count="77">
 LINEAR LINEAR LINEAR LINEAR LINEAR LINEAR LINEAR LINEAR LINEAR LINEAR LINEAR
LINEAR LINEAR LINEAR LINEAR LINEAR LINEAR LINEAR LINEAR LINEAR LINEAR LINEAR LINEAR
LINEAR LINEAR LINEAR LINEAR LINEAR LINEAR LINEAR LINEAR LINEAR LINEAR LINEAR LINEAR
LINEAR LINEAR LINEAR LINEAR LINEAR LINEAR LINEAR LINEAR LINEAR LINEAR LINEAR LINEAR
LINEAR LINEAR LINEAR LINEAR LINEAR LINEAR LINEAR LINEAR LINEAR LINEAR LINEAR LINEAR
LINEAR LINEAR LINEAR LINEAR LINEAR LINEAR LINEAR LINEAR LINEAR LINEAR LINEAR LINEAR
LINEAR LINEAR LINEAR LINEAR LINEAR LINEAR</Name_array>
        <technique_common>
          <accessor source="#mixamorig_Spine-Interpolations-array" count="77">
            <param type="name"/>
          </accessor>
        </technique_common>
      </source>
      <sampler id="mixamorig_Spine-Matrix-animation-transform">
        <input semantic="INPUT" source="#mixamorig_Spine-Matrix-animation-input"/>
        <input semantic="OUTPUT" source="#mixamorig_Spine-Matrix-animation-output-transform"/>
        <input semantic="INTERPOLATION" source="#mixamorig_Spine-Interpolations"/>
      </sampler>
      <channel source="#mixamorig_Spine-Matrix-animation-transform" target="mixamorig_Spine/matrix"/>
    </animation>
    <animation id="mixamorig_Spine1-anim" name="mixamorig_Spine1">
      <source id="mixamorig_Spine1-Matrix-animation-input">
        <float_array id="mixamorig_Spine1-Matrix-animation-input-array" count="77">

0.000000 0.033333 0.066667 0.100000 0.133333 0.166667 0.200000 0.233333 0.266667 0.300000 0.333333 0.366667 0.400000 0.433333 0.466667 0.500000
0.533333 0.566667 0.600000 0.633333 0.666667 0.700000 0.733333 0.766667 0.800000 0.833333 0.866667 0.900000 0.933333 0.966667 1.000000 1.033333
1.066667 1.100000 1.133333 1.166667 1.200000 1.233333 1.266667 1.300000 1.333333 1.366667 1.400000 1.433333 1.466667 1.500000 1.533333 1.566667
1.600000 1.633333 1.666667 1.700000 1.733333 1.766667 1.800000 1.833333 1.866667 1.900000 1.933333 1.966667 2.000000 2.033333 2.066667 2.100000
2.133333 2.166667 2.200000 2.233333 2.266667 2.300000 2.333333 2.366667 2.400000 2.433333 2.466667 2.500000 2.533333</float_array>
        <technique_common>
          <accessor source="#mixamorig_Spine1-Matrix-animation-input-array" count="77">
            <param name="TIME" type="float"/>
          </accessor>
        </technique_common>
      </source>
      <source id="mixamorig_Spine1-Matrix-animation-output-transform">
        <float_array id="mixamorig_Spine1-Matrix-animation-output-transform-array" count="1232">

0.999573 0.028971 0.003747 0.000000 -0.028868 0.999268 -0.025106 0.190800 -0.004471 0.024987 0.999678 0.000000 0.000000 0.000000 0.000000 1.000000
0.999433 0.033516 0.003361 -0.000000 -0.033427 0.999156 -0.023889 0.190800 -0.004158 0.023763 0.999709 0.000000 0.000000 0.000000 0.000000 1.000000
0.999312 0.036982 0.002707 0.000000 -0.036912 0.999060 -0.022729 0.190800 -0.003545 0.022614 0.999738 0.000000 0.000000 0.000000 0.000000 1.000000
0.999206 0.039800 0.001825 -0.000000 -0.039752 0.998977 -0.021536 0.190800 -0.002680 0.021446 0.999766 -0.000000 0.000000 0.000000 0.000000 1.000000
0.999105 0.042293 0.000688 0.000000 -0.042271 0.998903 -0.020133 0.190800 -0.001539 0.020086 0.999797 0.000000 0.000000 0.000000 0.000000 1.000000
0.999018 0.044307 -0.000790 0.000000 -0.044314 0.998848 -0.018421 0.190800 -0.000027 0.018438 0.999830 0.000000 0.000000 0.000000 0.000000 1.000000
0.998971 0.045281 -0.002682 -0.000000 -0.045319 0.998836 -0.016507 0.190800 0.001931 0.016612 0.999860 0.000000 0.000000 0.000000 0.000000 1.000000
0.998991 0.044636 -0.005011 0.000000 -0.044705 0.998892 -0.014734 0.190800 0.004348 0.014944 0.999879 0.000000 0.000000 0.000000 0.000000 1.000000
0.999085 0.042066 -0.007769 0.000000 -0.042168 0.999019 -0.013547 0.190800 0.007192 0.013863 0.999878 0.000000 0.000000 0.000000 0.000000 1.000000
0.999237 0.037504 -0.010909 0.000000 -0.037647 0.999203 -0.013262 0.190800 0.010403 0.013663 0.999853 0.000000 0.000000 0.000000 0.000000 1.000000
0.999418 0.030974 -0.014283 0.000000 -0.031173 0.999418 -0.013868 0.190800 0.013845 0.014306 0.999802 0.000000 0.000000 0.000000 0.000000 1.000000
0.999589 0.022627 -0.017617 0.000000 -0.022892 0.999625 -0.015021 0.190800 0.017270 0.015418 0.999732 -0.000000 0.000000 0.000000 0.000000 1.000000
0.999704 0.012913 -0.020631 0.000000 -0.013250 0.999780 -0.016251 0.190800 0.020417 0.016520 0.999655 0.000000 0.000000 0.000000 0.000000 1.000000
0.999727 0.002569 -0.023218 0.000000 -0.002970 0.999846 -0.017272 0.190800 0.023170 0.017336 0.999581 -0.000000 0.000000 0.000000 0.000000 1.000000
0.999645 -0.007774 -0.025469 0.000000 0.007313 0.999809 -0.018147 0.190800 0.025605 0.017954 0.999511 0.000000 0.000000 0.000000 0.000000 1.000000
0.999458 -0.018031 -0.027541 0.000000 0.017507 0.999663 -0.019170 0.190800 0.027878 0.018678 0.999437 -0.000000 0.000000 0.000000 0.000000 1.000000
0.999153 -0.028708 -0.029478 0.000000 0.028109 0.999394 -0.020549 0.190800 0.030050 0.019703 0.999354 -0.000000 0.000000 0.000000 0.000000 1.000000
0.998697 -0.040397 -0.031185 0.000000 0.039716 0.998965 -0.022149 0.190800 0.032047 0.020882 0.999268 -0.000000 0.000000 0.000000 0.000000 1.000000
0.998058 -0.053128 -0.032531 -0.000000 0.052375 0.998350 -0.023559 0.190800 0.033729 0.021810 0.999193 0.000000 0.000000 0.000000 0.000000 1.000000
0.997247 -0.066160 -0.033494 -0.000000 0.065361 0.997563 -0.024418 0.190800 0.035028 0.022161 0.999141 0.000000 0.000000 0.000000 0.000000 1.000000
0.996332 -0.078429 -0.034214 0.000000 0.077607 0.996678 -0.024705 0.190800 0.036038 0.021960 0.999109 0.000000 0.000000 0.000000 0.000000 1.000000
0.995393 -0.089284 -0.034945 -0.000000 0.088450 0.995773 -0.024743 0.190800 0.037007 0.021538 0.999083 0.000000 0.000000 0.000000 0.000000 1.000000
0.994459 -0.098820 -0.035868 -0.000000 0.097963 0.994878 -0.024908 0.190800 0.038146 0.021256 0.999046 0.000000 0.000000 0.000000 0.000000 1.000000
0.993523 -0.107477 -0.036891 0.000000 0.106585 0.993980 -0.025375 0.190800 0.039396 0.021279 0.998997 0.000000 0.000000 0.000000 0.000000 1.000000
0.992611 -0.115351 -0.037653 0.000000 0.114417 0.993090 -0.026101 0.190800 0.040404 0.021600 0.998950 0.000000 0.000000 0.000000 0.000000 1.000000
0.991816 -0.121953 -0.037799 0.000000 0.120983 0.992288 -0.026993 0.190800 0.040799 0.022199 0.998921 0.000000 0.000000 0.000000 0.000000 1.000000
0.991243 -0.126681 -0.037287 0.000000 0.125684 0.991676 -0.027981 0.190800 0.040521 0.023049 0.998913 0.000000 0.000000 0.000000 0.000000 1.000000
0.990916 -0.129449 -0.036446 0.000000 0.128435 0.991296 -0.028914 0.190800 0.039871 0.023970 0.998917 0.000000 0.000000 0.000000 0.000000 1.000000
0.990761 -0.130834 -0.035711 0.000000 0.129816 0.991100 -0.029487 0.190800 0.039251 0.024578 0.998927 -0.000000 0.000000 0.000000 0.000000 1.000000
0.990663 -0.131675 -0.035324 0.000000 0.130670 0.990990 -0.029399 0.190800 0.038877 0.024509 0.998943 0.000000 0.000000 0.000000 0.000000 1.000000
0.990545 -0.132588 -0.035233 0.000000 0.131617 0.990889 -0.028576 0.190800 0.038700 0.023669 0.998971 0.000000 0.000000 0.000000 0.000000 1.000000
0.990392 -0.133740 -0.035184 0.000000 0.132826 0.990767 -0.027166 0.190800 0.038492 0.022231 0.999012 0.000000 0.000000 0.000000 0.000000 1.000000
0.990255 -0.134825 -0.034878 0.000000 0.133988 0.990660 -0.025307 0.190800 0.037964 0.020388 0.999071 0.000000 0.000000 0.000000 0.000000 1.000000
0.990237 -0.135160 -0.034080 0.000000 0.134426 0.990657 -0.022990 0.190800 0.036869 0.018184 0.999155 0.000000 0.000000 0.000000 0.000000 1.000000
0.990437 -0.134030 -0.032722 0.000000 0.133422 0.990855 -0.020108 0.190800 0.035118 0.015550 0.999262 0.000000 0.000000 0.000000 0.000000 1.000000
0.990873 -0.131206 -0.030920 -0.000000 0.130744 0.991278 -0.016527 0.190800 0.032819 0.012333 0.999385 -0.000000 0.000000 0.000000 0.000000 1.000000
0.991461 -0.127160 -0.028893 0.000000 0.126859 0.991848 -0.012047 0.190800 0.030189 0.008279 0.999510 0.000000 0.000000 0.000000 0.000000 1.000000
0.992113 -0.122452 -0.026790 0.000000 0.122320 0.992469 -0.006507 0.190800 0.027386 0.003179 0.999620 -0.000000 0.000000 0.000000 0.000000 1.000000
0.992868 -0.116663 -0.024548 0.000000 0.116698 0.993167 -0.000035 0.190800 0.024384 -0.002830 0.999699 0.000000 0.000000 0.000000 0.000000 1.000000
0.993916 -0.107960 -0.021814 0.000000 0.108134 0.994112 0.006963 0.190800 0.020934 -0.009280 0.999738 0.000000 0.000000 0.000000 0.000000 1.000000
0.995417 -0.093933 -0.017963 0.000000 0.094191 0.995454 0.014129 0.190800 0.016554 -0.015757 0.999739 -0.000000 0.000000 0.000000 0.000000 1.000000
0.997242 -0.073194 -0.012272 0.000000 0.073441 0.997078 0.021007 0.190800 0.010699 -0.021851 0.999704 0.000000 0.000000 0.000000 0.000000 1.000000
0.998903 -0.046618 -0.004360 -0.000000 0.046716 0.998568 0.026081 0.190800 0.003138 -0.026256 0.999650 0.000000 0.000000 0.000000 0.000000 1.000000
0.999834 -0.017401 0.005416 0.000000 0.017252 0.999502 0.026435 0.190800 -0.005873 -0.026338 0.999636 0.000000 0.000000 0.000000 0.000000 1.000000
0.999819 0.010219 0.016039 0.000000 -0.010532 0.999753 0.019574 0.190800 -0.015835 -0.019739 0.999680 -0.000000 0.000000 0.000000 0.000000 1.000000
0.999110 0.032888 0.026413 0.000000 -0.033059 0.999435 0.006070 0.190800 -0.026198 -0.006938 0.999633 -0.000000 0.000000 0.000000 0.000000 1.000000
0.998144 0.049164 0.035924 0.000000 -0.048823 0.998754 -0.010295 0.190800 -0.036386 0.008522 0.999301 0.000000 0.000000 0.000000 0.000000 1.000000
0.997279 0.058769 0.044509 0.000000 -0.057671 0.998008 -0.025565 0.190800 -0.045923 0.022928 0.998682 0.000000 0.000000 0.000000 0.000000 1.000000
0.996747 0.061363 0.052256 0.000000 -0.059411 0.997505 -0.038139 0.190800 -0.054466 0.034911 0.997905 0.000000 0.000000 0.000000 0.000000 1.000000
0.996620 0.057012 0.059152 0.000000 -0.054221 0.997386 -0.047761 0.190800 -0.061720 0.044392 0.997106 0.000000 0.000000 0.000000 0.000000 1.000000
0.996710 0.048033 0.065289 0.000000 -0.044600 0.997595 -0.053066 0.190800 -0.067681 0.049980 0.996454 0.000000 0.000000 0.000000 0.000000 1.000000
0.996681 0.039276 0.071300 0.000000 -0.035612 0.998014 -0.051959 0.190800 -0.073200 0.049247 0.996101 -0.000000 0.000000 0.000000 0.000000 1.000000
0.996273 0.035286 0.078705 0.000000 -0.031832 0.998492 -0.044720 0.190800 -0.080165 0.042048 0.995894 -0.000000 0.000000 0.000000 0.000000 1.000000
0.995316 0.036980 0.089321 0.000000 -0.033929 0.998796 -0.035438 0.190800 -0.090523 0.032242 0.995372 0.000000 0.000000 0.000000 0.000000 1.000000
0.993795 0.041440 0.103220 -0.000000 -0.038607 0.998825 -0.029289 0.190800 -0.104312 0.025122 0.994227 0.000000 0.000000 0.000000 0.000000 1.000000
0.992056 0.044875 0.117520 0.000000 -0.041785 0.998716 -0.028630 0.190800 -0.118654 0.023492 0.992658 0.000000 0.000000 0.000000 0.000000 1.000000
0.990662 0.045507 0.128524 -0.000000 -0.041707 0.998614 -0.032107 0.190800 -0.129807 0.026447 0.991187 0.000000 0.000000 0.000000 0.000000 1.000000
0.989875 0.043979 0.134954 0.000000 -0.039338 0.998545 -0.036871 0.190800 -0.136379 0.031189 0.990166 -0.000000 0.000000 0.000000 0.000000 1.000000
0.989518 0.041914 0.138195 0.000000 -0.036589 0.998495 -0.040852 0.190800 -0.139700 0.035368 0.989562 0.000000 0.000000 0.000000 0.000000 1.000000
0.989311 0.040501 0.140082 0.000000 -0.034737 0.998456 -0.043348 0.190800 -0.141622 0.038019 0.989191 -0.000000 0.000000 0.000000 0.000000 1.000000
0.989129 0.040055 0.141490 0.000000 -0.034062 0.998427 -0.044530 0.190800 -0.143052 0.039226 0.988938 0.000000 0.000000 0.000000 0.000000 1.000000
0.988977 0.040307 0.142479 0.000000 -0.034233 0.998408 -0.044828 0.190800 -0.144059 0.039456 0.988782 0.000000 0.000000 0.000000 0.000000 1.000000
0.988913 0.040797 0.142780 -0.000000 -0.034768 0.998406 -0.044469 0.190800 -0.144367 0.039012 0.988755 -0.000000 0.000000 0.000000 0.000000 1.000000
0.988998 0.041072 0.142112 0.000000 -0.035241 0.998440 -0.043305 0.190800 -0.143669 0.037820 0.988903 0.000000 0.000000 0.000000 0.000000 1.000000
0.989253 0.040721 0.140427 -0.000000 -0.035274 0.998534 -0.041063 0.190800 -0.141893 0.035668 0.989239 0.000000 0.000000 0.000000 0.000000 1.000000
