<?xml version="1.0" encoding="utf-8"?>
<COLLADA xmlns="http://www.collada.org/2005/11/COLLADASchema" version="1.4.1">
  <asset>
    <contributor>
      <author>Mixamo</author>
      <authoring_tool>COLLADA Mixamo exporter</authoring_tool>
      <comments/>
    </contributor>
    <created>2024-09-12T00:20:54Z</created>
    <modified>2024-09-12T00:20:54Z</modified>
    <revision/>
    <title/>
    <unit meter="0.010000"/>
    <up_axis>Y_UP</up_axis>
  </asset>
  <library_animations>
    <animation id="mixamorig_Hips-anim" name="mixamorig_Hips">
      <source id="mixamorig_Hips-Matrix-animation-input">
        <float_array id="mixamorig_Hips-Matrix-animation-input-array" count="19">

0.000000 0.033333 0.066667 0.100000 0.133333 0.166667 0.200000 0.233333 0.266667 0.300000 0.333333 0.366667 0.400000 0.433333 0.466667 0.500000
0.533333 0.566667 0.600000</float_array>
        <technique_common>
          <accessor source="#mixamorig_Hips-Matrix-animation-input-array" count="19">
            <param name="TIME" type="float"/>
          </accessor>
        </technique_common>
      </source>
      <source id="mixamorig_Hips-Matrix-animation-output-transform">
        <float_array id="mixamorig_Hips-Matrix-animation-output-transform-array" count="304">

0.759555 -0.106761 -0.641622 -0.000595 -0.155768 0.927878 -0.338791 1.015693 0.631516 0.357275 0.688144 -0.089041 0.000000 0.000000 0.000000 1.000000
0.786451 -0.150762 -0.598971 -0.003940 -0.099569 0.926124 -0.363841 1.036609 0.609575 0.345782 0.713340 -0.125934 0.000000 0.000000 0.000000 1.000000
0.837998 -0.170790 -0.518256 -0.008271 -0.061598 0.914078 -0.400834 1.044857 0.542185 0.367822 0.755475 -0.139742 0.000000 0.000000 0.000000 1.000000
0.892748 -0.162012 -0.420420 -0.017484 -0.039968 0.900959 -0.432060 1.045934 0.448780 0.402524 0.797854 -0.128697 0.000000 0.000000 0.000000 1.000000
0.937381 -0.114379 -0.328991 -0.020372 -0.042894 0.899445 -0.434924 1.038944 0.345655 0.421801 0.838216 -0.112599 0.000000 0.000000 0.000000 1.000000
0.961846 -0.052765 -0.268454 -0.013665 -0.063089 0.912006 -0.405297 1.041416 0.266217 0.406770 0.873881 -0.122355 0.000000 0.000000 0.000000 1.000000
0.968672 -0.031349 -0.246358 -0.005017 -0.063954 0.927055 -0.369431 1.029840 0.239968 0.373613 0.896007 -0.145207 0.000000 0.000000 0.000000 1.000000
0.960699 -0.057736 -0.271523 0.003757 -0.042717 0.935733 -0.350114 1.013119 0.274287 0.347953 0.896491 -0.153099 0.000000 0.000000 0.000000 1.000000
0.937352 -0.068628 -0.341557 0.012274 -0.060120 0.933832 -0.352622 1.015471 0.343157 0.351066 0.871204 -0.151394 0.000000 0.000000 0.000000 1.000000
0.901096 -0.044008 -0.431380 0.022097 -0.133654 0.918212 -0.372858 1.020282 0.412507 0.393636 0.821516 -0.163059 0.000000 0.000000 0.000000 1.000000
0.876283 -0.007170 -0.481743 0.026632 -0.216863 0.887003 -0.407672 1.004729 0.430230 0.461709 0.775711 -0.154082 0.000000 0.000000 0.000000 1.000000
0.866663 0.022265 -0.498397 0.025567 -0.275729 0.853940 -0.441317 0.987298 0.415775 0.519896 0.746217 -0.110794 0.000000 0.000000 0.000000 1.000000
0.865510 0.016288 -0.500627 0.019322 -0.278233 0.846727 -0.453476 0.956770 0.416508 0.531779 0.737382 -0.070897 0.000000 0.000000 0.000000 1.000000
0.863879 -0.013224 -0.503525 0.010265 -0.242085 0.865730 -0.438072 0.945450 0.441710 0.500337 0.744685 -0.064950 0.000000 0.000000 0.000000 1.000000
0.837850 -0.024023 -0.545371 0.002697 -0.235194 0.885670 -0.400340 0.953407 0.492637 0.463693 0.736409 -0.080272 0.000000 0.000000 0.000000 1.000000
0.795571 -0.005460 -0.605836 0.003094 -0.271169 0.891000 -0.364124 0.954342 0.541789 0.453970 0.707373 -0.101116 0.000000 0.000000 0.000000 1.000000
0.746016 -0.003562 -0.665918 0.002376 -0.295645 0.894263 -0.335988 0.956810 0.596703 0.447528 0.666082 -0.106359 0.000000 0.000000 0.000000 1.000000
0.725752 -0.042203 -0.686661 0.002789 -0.253873 0.911239 -0.324333 0.979046 0.639400 0.409710 0.650619 -0.100510 0.000000 0.000000 0.000000 1.000000
0.759555 -0.106761 -0.641622 -0.000595 -0.155769 0.927878 -0.338791 1.015693 0.631516 0.357275 0.688144 -0.089040 0.000000 0.000000 0.000000 1.000000</float_array>
        <technique_common>
          <accessor source="#mixamorig_Hips-Matrix-animation-output-transform-array" count="19" stride="16">
            <param type="float4x4"/>
          </accessor>
        </technique_common>
      </source>
      <source id="mixamorig_Hips-Interpolations">
        <Name_array id="mixamorig_Hips-Interpolations-array" count="19">
 LINEAR LINEAR LINEAR LINEAR LINEAR LINEAR LINEAR LINEAR LINEAR LINEAR LINEAR
LINEAR LINEAR LINEAR LINEAR LINEAR LINEAR LINEAR LINEAR</Name_array>
        <technique_common>
          <accessor source="#mixamorig_Hips-Interpolations-array" count="19">
            <param type="name"/>
          </accessor>
        </technique_common>
      </source>
      <sampler id="mixamorig_Hips-Matrix-animation-transform">
        <input semantic="INPUT" source="#mixamorig_Hips-Matrix-animation-input"/>
        <input semantic="OUTPUT" source="#mixamorig_Hips-Matrix-animation-output-transform"/>
        <input semantic="INTERPOLATION" source="#mixamorig_Hips-Interpolations"/>
      </sampler>
      <channel source="#mixamorig_Hips-Matrix-animation-transform" target="mixamorig_Hips/matrix"/>
    </animation>
    <animation id="mixamorig_Spine-anim" name="mixamorig_Spine">
      <source id="mixamorig_Spine-Matrix-animation-input">
        <float_array id="mixamorig_Spine-Matrix-animation-input-array" count="19">

0.000000 0.033333 0.066667 0.100000 0.133333 0.166667 0.200000 0.233333 0.266667 0.300000 0.333333 0.366667 0.400000 0.433333 0.466667 0.500000
0.533333 0.566667 0.600000</float_array>
        <technique_common>
          <accessor source="#mixamorig_Spine-Matrix-animation-input-array" count="19">
            <param name="TIME" type="float"/>
          </accessor>
        </technique_common>
      </source>
      <source id="mixamorig_Spine-Matrix-animation-output-transform">
        <float_array id="mixamorig_Spine-Matrix-animation-output-transform-array" count="304">

0.999721 0.021534 0.009701 -0.000000 -0.018029 0.961120 -0.275541 0.163500 -0.015257 0.275289 0.961240 0.001800 0.000000 0.000000 0.000000 1.000000
0.997280 0.072953 0.010463 0.000000 -0.067340 0.959682 -0.272904 0.163500 -0.029950 0.271458 0.961984 0.001800 0.000000 0.000000 0.000000 1.000000
0.994832 0.101425 0.004697 -0.000000 -0.097014 0.963178 -0.250750 0.163500 -0.029956 0.248998 0.968041 0.001800 0.000000 0.000000 0.000000 1.000000
0.993816 0.110631 -0.009495 0.000000 -0.110120 0.971011 -0.212159 0.163500 -0.014252 0.211892 0.977189 0.001800 0.000000 0.000000 0.000000 1.000000
0.995132 0.085138 -0.049631 0.000000 -0.093216 0.976615 -0.193737 0.163500 0.031976 0.197420 0.979797 0.001800 0.000000 0.000000 0.000000 1.000000
0.992431 0.046431 -0.113688 -0.000000 -0.071359 0.971469 -0.226174 0.163500 0.099943 0.232575 0.967430 0.001800 0.000000 0.000000 0.000000 1.000000
0.981992 0.035502 -0.185558 0.000000 -0.085507 0.959348 -0.268960 0.163500 0.168466 0.279983 0.945108 0.001800 0.000000 0.000000 0.000000 1.000000
0.969209 0.058441 -0.239204 0.000000 -0.127574 0.950063 -0.284790 0.163500 0.210615 0.306537 0.928265 0.001800 0.000000 0.000000 0.000000 1.000000
0.964337 0.055303 -0.258837 0.000000 -0.131553 0.948729 -0.287415 0.163500 0.229671 0.311215 0.922169 0.001800 0.000000 0.000000 0.000000 1.000000
0.964518 -0.004522 -0.263978 -0.000000 -0.075386 0.953511 -0.291777 0.163500 0.253026 0.301325 0.919338 0.001800 0.000000 0.000000 0.000000 1.000000
0.944979 -0.112076 -0.307334 0.000000 0.014515 0.952920 -0.302874 0.163500 0.326810 0.281749 0.902116 0.001800 0.000000 0.000000 0.000000 1.000000
0.904191 -0.223950 -0.363711 0.000000 0.107078 0.943181 -0.314553 0.163500 0.413490 0.245471 0.876795 0.001800 0.000000 0.000000 0.000000 1.000000
0.872176 -0.274227 -0.405104 -0.000000 0.154255 0.940028 -0.304226 0.163500 0.464236 0.202849 0.862170 0.001800 0.000000 0.000000 0.000000 1.000000
0.875434 -0.255852 -0.410066 0.000000 0.143628 0.947788 -0.284726 0.163500 0.461504 0.190362 0.866474 0.001800 0.000000 0.000000 0.000000 1.000000
0.915079 -0.210592 -0.343921 0.000000 0.117248 0.954913 -0.272753 0.163500 0.385854 0.209266 0.898512 0.001800 0.000000 0.000000 0.000000 1.000000
0.955093 -0.182944 -0.233087 0.000000 0.116541 0.955171 -0.272153 0.163500 0.272426 0.232767 0.933597 0.001800 0.000000 0.000000 0.000000 1.000000
0.982349 -0.151605 -0.109570 0.000000 0.118620 0.957813 -0.261771 0.163500 0.144633 0.244153 0.958890 0.001800 0.000000 0.000000 0.000000 1.000000
0.996897 -0.076434 -0.018801 0.000000 0.068751 0.961837 -0.264844 0.163500 0.038326 0.262730 0.964108 0.001800 0.000000 0.000000 0.000000 1.000000
0.999721 0.021534 0.009701 0.000000 -0.018029 0.961120 -0.275541 0.163500 -0.015257 0.275289 0.961240 0.001800 0.000000 0.000000 0.000000 1.000000</float_array>
        <technique_common>
          <accessor source="#mixamorig_Spine-Matrix-animation-output-transform-array" count="19" stride="16">
            <param type="float4x4"/>
          </accessor>
        </technique_common>
      </source>
      <source id="mixamorig_Spine-Interpolations">
        <Name_array id="mixamorig_Spine-Interpolations-array" count="19">
 LINEAR LINEAR LINEAR LINEAR LINEAR LINEAR LINEAR LINEAR LINEAR LINEAR LINEAR
LINEAR LINEAR LINEAR LINEAR LINEAR LINEAR LINEAR LINEAR</Name_array>
        <technique_common>
          <accessor source="#mixamorig_Spine-Interpolations-array" count="19">
            <param type="name"/>
          </accessor>
        </technique_common>
      </source>
      <sampler id="mixamorig_Spine-Matrix-animation-transform">
        <input semantic="INPUT" source="#mixamorig_Spine-Matrix-animation-input"/>
        <input semantic="OUTPUT" source="#mixamorig_Spine-Matrix-animation-output-transform"/>
        <input semantic="INTERPOLATION" source="#mixamorig_Spine-Interpolations"/>
      </sampler>
      <channel source="#mixamorig_Spine-Matrix-animation-transform" target="mixamorig_Spine/matrix"/>
    </animation>
    <animation id="mixamorig_Spine1-anim" name="mixamorig_Spine1">
      <source id="mixamorig_Spine1-Matrix-animation-input">
        <float_array id="mixamorig_Spine1-Matrix-animation-input-array" count="19">

0.000000 0.033333 0.066667 0.100000 0.133333 0.166667 0.200000 0.233333 0.266667 0.300000 0.333333 0.366667 0.400000 0.433333 0.466667 0.500000
0.533333 0.566667 0.600000</float_array>
        <technique_common>
          <accessor source="#mixamorig_Spine1-Matrix-animation-input-array" count="19">
            <param name="TIME" type="float"/>
          </accessor>
        </technique_common>
      </source>
      <source id="mixamorig_Spine1-Matrix-animation-output-transform">
        <float_array id="mixamorig_Spine1-Matrix-animation-output-transform-array" count="304">

1.000000 -0.000743 -0.000286 0.000000 0.000724 0.998250 -0.059138 0.190800 0.000329 0.059138 0.998250 0.000000 0.000000 0.000000 0.000000 1.000000
0.999965 0.007016 0.004567 0.000000 -0.006733 0.998218 -0.059298 0.190800 -0.004975 0.059265 0.998230 0.000000 0.000000 0.000000 0.000000 1.000000
0.999842 0.017123 0.004749 -0.000000 -0.016829 0.998273 -0.056283 0.190800 -0.005705 0.056194 0.998404 0.000000 0.000000 0.000000 0.000000 1.000000
0.999733 0.023095 0.000726 0.000000 -0.023034 0.998579 -0.048061 0.190800 -0.001835 0.048031 0.998844 0.000000 0.000000 0.000000 0.000000 1.000000
0.999767 0.020381 -0.007168 0.000000 -0.020657 0.998956 -0.040746 0.190800 0.006330 0.040884 0.999144 0.000000 0.000000 0.000000 0.000000 1.000000
0.999718 0.015620 -0.017875 0.000000 -0.016387 0.998914 -0.043626 0.190800 0.017174 0.043907 0.998888 -0.000000 0.000000 0.000000 0.000000 1.000000
0.999442 0.017645 -0.028368 -0.000000 -0.019076 0.998517 -0.050988 0.190800 0.027426 0.051501 0.998296 -0.000000 0.000000 0.000000 0.000000 1.000000
0.999002 0.026568 -0.035897 0.000000 -0.028510 0.998094 -0.054734 0.190800 0.034375 0.055702 0.997856 -0.000000 0.000000 0.000000 0.000000 1.000000
0.998667 0.030971 -0.041280 0.000000 -0.033202 0.997961 -0.054514 0.190800 0.039507 0.055812 0.997659 0.000000 0.000000 0.000000 0.000000 1.000000
0.998642 0.020059 -0.048075 -0.000000 -0.022635 0.998303 -0.053649 0.190800 0.046917 0.054665 0.997402 -0.000000 0.000000 0.000000 0.000000 1.000000
0.998325 -0.002411 -0.057801 0.000000 -0.000754 0.998504 -0.054671 0.190800 0.057846 0.054623 0.996830 0.000000 0.000000 0.000000 0.000000 1.000000
0.997457 -0.023501 -0.067287 -0.000000 0.019810 0.998289 -0.055008 0.190800 0.068464 0.053535 0.996216 0.000000 0.000000 0.000000 0.000000 1.000000
0.996846 -0.032148 -0.072553 0.000000 0.028542 0.998331 -0.050203 0.190800 0.074046 0.047974 0.996100 0.000000 0.000000 0.000000 0.000000 1.000000
0.997101 -0.027286 -0.071023 0.000000 0.024082 0.998670 -0.045592 0.190800 0.072172 0.043749 0.996432 0.000000 0.000000 0.000000 0.000000 1.000000
0.997901 -0.020642 -0.061372 0.000000 0.017926 0.998850 -0.044477 0.190800 0.062220 0.043284 0.997123 0.000000 0.000000 0.000000 0.000000 1.000000
0.998816 -0.018944 -0.044798 0.000000 0.016824 0.998742 -0.047234 0.190800 0.045637 0.046424 0.997879 0.000000 0.000000 0.000000 0.000000 1.000000
0.999489 -0.019358 -0.025428 0.000000 0.018095 0.998634 -0.049022 0.190800 0.026342 0.048537 0.998474 0.000000 0.000000 0.000000 0.000000 1.000000
0.999882 -0.012147 -0.009397 0.000000 0.011621 0.998469 -0.054080 0.190800 0.010039 0.053965 0.998492 0.000000 0.000000 0.000000 0.000000 1.000000
1.000000 -0.000743 -0.000286 -0.000000 0.000724 0.998250 -0.059138 0.190800 0.000329 0.059138 0.998250 0.000000 0.000000 0.000000 0.000000 1.000000</float_array>
        <technique_common>
          <accessor source="#mixamorig_Spine1-Matrix-animation-output-transform-array" count="19" stride="16">
            <param type="float4x4"/>
          </accessor>
        </technique_common>
      </source>
      <source id="mixamorig_Spine1-Interpolations">
        <Name_array id="mixamorig_Spine1-Interpolations-array" count="19">
 LINEAR LINEAR LINEAR LINEAR LINEAR LINEAR LINEAR LINEAR LINEAR LINEAR LINEAR
LINEAR LINEAR LINEAR LINEAR LINEAR LINEAR LINEAR LINEAR</Name_array>
        <technique_common>
          <accessor source="#mixamorig_Spine1-Interpolations-array" count="19">
            <param type="name"/>
          </accessor>
        </technique_common>
      </source>
      <sampler id="mixamorig_Spine1-Matrix-animation-transform">
        <input semantic="INPUT" source="#mixamorig_Spine1-Matrix-animation-input"/>
        <input semantic="OUTPUT" source="#mixamorig_Spine1-Matrix-animation-output-transform"/>
        <input semantic="INTERPOLATION" source="#mixamorig_Spine1-Interpolations"/>
      </sampler>
      <channel source="#mixamorig_Spine1-Matrix-animation-transform" target="mixamorig_Spine1/matrix"/>
    </animation>
    <animation id="mixamorig_Spine2-anim" name="mixamorig_Spine2">
      <source id="mixamorig_Spine2-Matrix-animation-input">
        <float_array id="mixamorig_Spine2-Matrix-animation-input-array" count="19">

0.000000 0.033333 0.066667 0.100000 0.133333 0.166667 0.200000 0.233333 0.266667 0.300000 0.333333 0.366667 0.400000 0.433333 0.466667 0.500000
0.533333 0.566667 0.600000</float_array>
        <technique_common>
          <accessor source="#mixamorig_Spine2-Matrix-animation-input-array" count="19">
            <param name="TIME" type="float"/>
          </accessor>
        </technique_common>
      </source>
      <source id="mixamorig_Spine2-Matrix-animation-output-transform">
        <float_array id="mixamorig_Spine2-Matrix-animation-output-transform-array" count="304">

0.999999 -0.000782 -0.000693 0.000000 0.000740 0.998250 -0.059134 0.218000 0.000738 0.059134 0.998250 0.000000 0.000000 0.000000 0.000000 1.000000
0.999967 0.006811 0.004490 0.000000 -0.006533 0.998217 -0.059329 0.218000 -0.004886 0.059298 0.998228 0.000000 0.000000 0.000000 0.000000 1.000000
0.999845 0.016884 0.004895 -0.000000 -0.016582 0.998273 -0.056348 0.218000 -0.005838 0.056259 0.998399 0.000000 0.000000 0.000000 0.000000 1.000000
0.999735 0.022995 0.000904 -0.000000 -0.022925 0.998579 -0.048113 0.218000 -0.002009 0.048080 0.998841 -0.000000 0.000000 0.000000 0.000000 1.000000
0.999765 0.020467 -0.007172 -0.000000 -0.020743 0.998956 -0.040691 0.218000 0.006332 0.040830 0.999146 -0.000000 0.000000 0.000000 0.000000 1.000000
0.999712 0.015821 -0.018071 0.000000 -0.016593 0.998918 -0.043434 0.218000 0.017364 0.043721 0.998893 -0.000000 0.000000 0.000000 0.000000 1.000000
0.999427 0.017980 -0.028689 0.000000 -0.019417 0.998529 -0.050615 0.218000 0.027737 0.051143 0.998306 0.000000 0.000000 0.000000 0.000000 1.000000
0.998976 0.027039 -0.036285 -0.000000 -0.028981 0.998114 -0.054113 0.218000 0.034753 0.055109 0.997875 0.000000 0.000000 0.000000 0.000000 1.000000
0.998633 0.031497 -0.041716 0.000000 -0.033719 0.997989 -0.053678 0.218000 0.039941 0.055012 0.997687 0.000000 0.000000 0.000000 0.000000 1.000000
0.998607 0.020645 -0.048556 0.000000 -0.023204 0.998338 -0.052752 0.218000 0.047387 0.053806 0.997426 0.000000 0.000000 0.000000 0.000000 1.000000
0.998294 -0.001626 -0.058366 -0.000000 -0.001523 0.998547 -0.053872 0.218000 0.058369 0.053869 0.996841 0.000000 0.000000 0.000000 0.000000 1.000000
0.997434 -0.022550 -0.067953 0.000000 0.018865 0.998341 -0.054402 0.218000 0.069067 0.052980 0.996204 -0.000000 0.000000 0.000000 0.000000 1.000000
0.996828 -0.031376 -0.073137 0.000000 0.027784 0.998381 -0.049629 0.218000 0.074575 0.047440 0.996086 -0.000000 0.000000 0.000000 0.000000 1.000000
0.997077 -0.026735 -0.071573 0.000000 0.023576 0.998725 -0.044630 0.218000 0.072675 0.042813 0.996436 0.000000 0.000000 0.000000 0.000000 1.000000
0.997873 -0.020284 -0.061958 0.000000 0.017620 0.998910 -0.043235 0.218000 0.062767 0.042052 0.997142 -0.000000 0.000000 0.000000 0.000000 1.000000
0.998790 -0.018639 -0.045508 0.000000 0.016534 0.998796 -0.046191 0.218000 0.046314 0.045383 0.997895 0.000000 0.000000 0.000000 0.000000 1.000000
0.999476 -0.019162 -0.026094 0.000000 0.017879 0.998662 -0.048527 0.218000 0.026989 0.048035 0.998481 0.000000 0.000000 0.000000 0.000000 1.000000
0.999877 -0.012055 -0.010021 -0.000000 0.011498 0.998479 -0.053928 0.218000 0.010656 0.053806 0.998495 0.000000 0.000000 0.000000 0.000000 1.000000
0.999999 -0.000782 -0.000693 0.000000 0.000740 0.998250 -0.059135 0.218000 0.000738 0.059134 0.998250 0.000000 0.000000 0.000000 0.000000 1.000000</float_array>
        <technique_common>
          <accessor source="#mixamorig_Spine2-Matrix-animation-output-transform-array" count="19" stride="16">
            <param type="float4x4"/>
          </accessor>
        </technique_common>
      </source>
      <source id="mixamorig_Spine2-Interpolations">
        <Name_array id="mixamorig_Spine2-Interpolations-array" count="19">
 LINEAR LINEAR LINEAR LINEAR LINEAR LINEAR LINEAR LINEAR LINEAR LINEAR LINEAR
LINEAR LINEAR LINEAR LINEAR LINEAR LINEAR LINEAR LINEAR</Name_array>
        <technique_common>
          <accessor source="#mixamorig_Spine2-Interpolations-array" count="19">
            <param type="name"/>
          </accessor>
        </technique_common>
      </source>
      <sampler id="mixamorig_Spine2-Matrix-animation-transform">
        <input semantic="INPUT" source="#mixamorig_Spine2-Matrix-animation-input"/>
        <input semantic="OUTPUT" source="#mixamorig_Spine2-Matrix-animation-output-transform"/>
        <input semantic="INTERPOLATION" source="#mixamorig_Spine2-Interpolations"/>
      </sampler>
      <channel source="#mixamorig_Spine2-Matrix-animation-transform" target="mixamorig_Spine2/matrix"/>
    </animation>
    <animation id="mixamorig_Neck-anim" name="mixamorig_Neck">
      <source id="mixamorig_Neck-Matrix-animation-input">
        <float_array id="mixamorig_Neck-Matrix-animation-input-array" count="19">

0.000000 0.033333 0.066667 0.100000 0.133333 0.166667 0.200000 0.233333 0.266667 0.300000 0.333333 0.366667 0.400000 0.433333 0.466667 0.500000
0.533333 0.566667 0.600000</float_array>
        <technique_common>
          <accessor source="#mixamorig_Neck-Matrix-animation-input-array" count="19">
            <param name="TIME" type="float"/>
          </accessor>
        </technique_common>
      </source>
      <source id="mixamorig_Neck-Matrix-animation-output-transform">
        <float_array id="mixamorig_Neck-Matrix-animation-output-transform-array" count="304">

0.981372 -0.110328 0.157276 0.000000 0.001680 0.823554 0.567235 0.245300 -0.192107 -0.556405 0.808399 0.000000 0.000000 0.000000 0.000000 1.000000
0.988328 -0.088581 0.123938 -0.000000 -0.004874 0.794761 0.606902 0.245300 -0.152261 -0.600423 0.785053 0.000000 0.000000 0.000000 0.000000 1.000000
0.992898 -0.101596 0.061896 0.000000 0.040763 0.779329 0.625288 0.245300 -0.111764 -0.618324 0.777936 -0.000000 0.000000 0.000000 0.000000 1.000000
0.990234 -0.139395 0.002444 0.000000 0.109360 0.787511 0.606521 0.245300 -0.086471 -0.600330 0.795064 0.000000 0.000000 0.000000 0.000000 1.000000
0.985220 -0.170152 -0.019743 0.000000 0.149077 0.794954 0.588068 0.245300 -0.084366 -0.582319 0.808571 -0.000000 0.000000 0.000000 0.000000 1.000000
0.980440 -0.196427 -0.012390 0.000000 0.164241 0.781849 0.601445 0.245300 -0.108453 -0.591716 0.798818 0.000000 0.000000 0.000000 0.000000 1.000000
0.975000 -0.221860 0.012352 -0.000000 0.169137 0.777054 0.606284 0.245300 -0.144109 -0.589038 0.795152 -0.000000 0.000000 0.000000 0.000000 1.000000
0.966621 -0.252877 0.041205 -0.000000 0.179618 0.783516 0.594845 0.245300 -0.182707 -0.567588 0.802784 -0.000000 0.000000 0.000000 0.000000 1.000000
0.955330 -0.285719 0.075561 0.000000 0.188410 0.785768 0.589127 0.245300 -0.227698 -0.548574 0.804500 0.000000 0.000000 0.000000 0.000000 1.000000
0.941533 -0.310845 0.129964 0.000000 0.174006 0.778945 0.602467 0.245300 -0.288509 -0.544628 0.787491 0.000000 0.000000 0.000000 0.000000 1.000000
0.919899 -0.340189 0.195083 0.000000 0.150448 0.765546 0.625543 0.245300 -0.362148 -0.546086 0.755406 0.000000 0.000000 0.000000 0.000000 1.000000
0.898150 -0.357237 0.256334 0.000000 0.133912 0.777542 0.614407 0.245300 -0.418800 -0.517503 0.746188 0.000000 0.000000 0.000000 0.000000 1.000000
0.895639 -0.326977 0.301526 0.000000 0.117222 0.827475 0.549131 0.245300 -0.429058 -0.456477 0.779447 -0.000000 0.000000 0.000000 0.000000 1.000000
0.910686 -0.286428 0.297673 0.000000 0.107812 0.860408 0.498071 0.245300 -0.398782 -0.421494 0.814442 -0.000000 0.000000 0.000000 0.000000 1.000000
0.928684 -0.254788 0.269497 0.000000 0.098574 0.870098 0.482921 0.245300 -0.357531 -0.421916 0.833162 0.000000 0.000000 0.000000 0.000000 1.000000
0.941217 -0.234840 0.242820 -0.000000 0.089312 0.866239 0.491583 0.245300 -0.325783 -0.440999 0.836292 -0.000000 0.000000 0.000000 0.000000 1.000000
0.954044 -0.193283 0.229003 0.000000 0.055237 0.864521 0.499552 0.245300 -0.294533 -0.463945 0.835467 0.000000 0.000000 0.000000 0.000000 1.000000
0.967804 -0.150371 0.201850 0.000000 0.020786 0.846942 0.531279 0.245300 -0.250844 -0.509979 0.822800 -0.000000 0.000000 0.000000 0.000000 1.000000
0.981372 -0.110328 0.157276 -0.000000 0.001680 0.823554 0.567235 0.245300 -0.192108 -0.556405 0.808399 -0.000000 0.000000 0.000000 0.000000 1.000000</float_array>
        <technique_common>
          <accessor source="#mixamorig_Neck-Matrix-animation-output-transform-array" count="19" stride="16">
            <param type="float4x4"/>
          </accessor>
        </technique_common>
      </source>
      <source id="mixamorig_Neck-Interpolations">
        <Name_array id="mixamorig_Neck-Interpolations-array" count="19">
 LINEAR LINEAR LINEAR LINEAR LINEAR LINEAR LINEAR LINEAR LINEAR LINEAR LINEAR
LINEAR LINEAR LINEAR LINEAR LINEAR LINEAR LINEAR LINEAR</Name_array>
        <technique_common>
          <accessor source="#mixamorig_Neck-Interpolations-array" count="19">
            <param type="name"/>
          </accessor>
        </technique_common>
      </source>
      <sampler id="mixamorig_Neck-Matrix-animation-transform">
        <input semantic="INPUT" source="#mixamorig_Neck-Matrix-animation-input"/>
        <input semantic="OUTPUT" source="#mixamorig_Neck-Matrix-animation-output-transform"/>
        <input semantic="INTERPOLATION" source="#mixamorig_Neck-Interpolations"/>
      </sampler>
      <channel source="#mixamorig_Neck-Matrix-animation-transform" target="mixamorig_Neck/matrix"/>
    </animation>
    <animation id="mixamorig_Head-anim" name="mixamorig_Head">
      <source id="mixamorig_Head-Matrix-animation-input">
        <float_array id="mixamorig_Head-Matrix-animation-input-array" count="19">

0.000000 0.033333 0.066667 0.100000 0.133333 0.166667 0.200000 0.233333 0.266667 0.300000 0.333333 0.366667 0.400000 0.433333 0.466667 0.500000
0.533333 0.566667 0.600000</float_array>
        <technique_common>
          <accessor source="#mixamorig_Head-Matrix-animation-input-array" count="19">
            <param name="TIME" type="float"/>
          </accessor>
        </technique_common>
      </source>
      <source id="mixamorig_Head-Matrix-animation-output-transform">
        <float_array id="mixamorig_Head-Matrix-animation-output-transform-array" count="304">

0.876912 0.139061 0.460095 -0.000000 -0.134006 0.990011 -0.043819 0.192600 -0.461593 -0.023230 0.886788 0.023100 0.000000 0.000000 0.000000 1.000000
0.902388 0.093435 0.420672 0.000000 -0.070704 0.995084 -0.069349 0.192600 -0.425084 0.032836 0.904558 0.023100 0.000000 0.000000 0.000000 1.000000
0.924952 0.062252 0.374951 0.000000 -0.032820 0.995893 -0.084382 0.192600 -0.378664 0.065744 0.923196 0.023100 0.000000 0.000000 0.000000 1.000000
0.937300 0.064109 0.342578 0.000000 -0.035212 0.995326 -0.089923 0.192600 -0.346741 0.072222 0.935176 0.023100 0.000000 0.000000 0.000000 1.000000
0.939601 0.075632 0.333811 0.000000 -0.042365 0.993480 -0.105845 0.192600 -0.339640 0.085310 0.936679 0.023100 0.000000 0.000000 0.000000 1.000000
0.933401 0.072571 0.351420 0.000000 -0.030343 0.991791 -0.124217 0.192600 -0.357550 0.105281 0.927941 0.023100 0.000000 0.000000 0.000000 1.000000
0.921430 0.049147 0.385422 0.000000 -0.009790 0.994590 -0.103418 0.192600 -0.388420 0.091519 0.916927 0.023100 0.000000 0.000000 0.000000 1.000000
0.906205 0.033277 0.421526 0.000000 -0.008787 0.998165 -0.059908 0.192600 -0.422746 0.050585 0.904835 0.023100 0.000000 0.000000 0.000000 1.000000
0.884005 0.043865 0.465416 -0.000000 -0.032692 0.998951 -0.032056 0.192600 -0.466334 0.013123 0.884511 0.023100 0.000000 0.000000 0.000000 1.000000
0.846159 0.074573 0.527687 -0.000000 -0.065016 0.997210 -0.036672 0.192600 -0.528950 -0.003278 0.848647 0.023100 0.000000 0.000000 0.000000 1.000000
0.789332 0.118045 0.602511 0.000000 -0.092834 0.993007 -0.072933 0.192600 -0.606907 0.001634 0.794771 0.023100 0.000000 0.000000 0.000000 1.000000
0.733235 0.163601 0.660001 -0.000000 -0.122581 0.986525 -0.108358 0.192600 -0.668835 -0.001452 0.743409 0.023100 0.000000 0.000000 0.000000 1.000000
0.713517 0.189836 0.674430 0.000000 -0.159041 0.981351 -0.107968 0.192600 -0.682349 -0.030225 0.730402 0.023100 0.000000 0.000000 0.000000 1.000000
0.729634 0.196942 0.654865 0.000000 -0.176959 0.979389 -0.097376 0.192600 -0.660545 -0.044835 0.749446 0.023100 0.000000 0.000000 0.000000 1.000000
0.762000 0.187482 0.619844 0.000000 -0.167855 0.981643 -0.090564 0.192600 -0.625445 -0.035034 0.779481 0.023100 0.000000 0.000000 0.000000 1.000000
0.788324 0.177288 0.589164 0.000000 -0.161586 0.983629 -0.079779 0.192600 -0.593662 -0.032309 0.804066 0.023100 0.000000 0.000000 0.000000 1.000000
0.813093 0.162189 0.559084 -0.000000 -0.159611 0.985711 -0.053827 0.192600 -0.559826 -0.045470 0.827362 0.023100 0.000000 0.000000 0.000000 1.000000
0.843416 0.148004 0.516473 0.000000 -0.150565 0.987899 -0.037222 0.192600 -0.515732 -0.046369 0.855494 0.023100 0.000000 0.000000 0.000000 1.000000
0.876912 0.139061 0.460095 0.000000 -0.134006 0.990011 -0.043819 0.192600 -0.461593 -0.023230 0.886788 0.023100 0.000000 0.000000 0.000000 1.000000</float_array>
        <technique_common>
          <accessor source="#mixamorig_Head-Matrix-animation-output-transform-array" count="19" stride="16">
            <param type="float4x4"/>
          </accessor>
        </technique_common>
      </source>
      <source id="mixamorig_Head-Interpolations">
        <Name_array id="mixamorig_Head-Interpolations-array" count="19">
 LINEAR LINEAR LINEAR LINEAR LINEAR LINEAR LINEAR LINEAR LINEAR LINEAR LINEAR
LINEAR LINEAR LINEAR LINEAR LINEAR LINEAR LINEAR LINEAR</Name_array>
        <technique_common>
          <accessor source="#mixamorig_Head-Interpolations-array" count="19">
            <param type="name"/>
          </accessor>
        </technique_common>
      </source>
      <sampler id="mixamorig_Head-Matrix-animation-transform">
        <input semantic="INPUT" source="#mixamorig_Head-Matrix-animation-input"/>
        <input semantic="OUTPUT" source="#mixamorig_Head-Matrix-animation-output-transform"/>
        <input semantic="INTERPOLATION" source="#mixamorig_Head-Interpolations"/>
      </sampler>
      <channel source="#mixamorig_Head-Matrix-animation-transform" target="mixamorig_Head/matrix"/>
    </animation>
    <animation id="mixamorig_LeftShoulder-anim" name="mixamorig_LeftShoulder">
      <source id="mixamorig_LeftShoulder-Matrix-animation-input">
        <float_array id="mixamorig_LeftShoulder-Matrix-animation-input-array" count="19">

0.000000 0.033333 0.066667 0.100000 0.133333 0.166667 0.200000 0.233333 0.266667 0.300000 0.333333 0.366667 0.400000 0.433333 0.466667 0.500000
0.533333 0.566667 0.600000</float_array>
        <technique_common>
          <accessor source="#mixamorig_LeftShoulder-Matrix-animation-input-array" count="19">
            <param name="TIME" type="float"/>
          </accessor>
        </technique_common>
      </source>
      <source id="mixamorig_LeftShoulder-Matrix-animation-output-transform">
        <float_array id="mixamorig_LeftShoulder-Matrix-animation-output-transform-array" count="304">

0.389195 0.908569 -0.151758 0.183700 0.033750 -0.178702 -0.983324 0.179000 -0.920537 0.377583 -0.100214 -0.000300 0.000000 0.000000 0.000000 1.000000
0.379962 0.915780 -0.130289 0.183700 0.039247 -0.156686 -0.986868 0.179000 -0.924169 0.369859 -0.095477 -0.000300 0.000000 0.000000 0.000000 1.000000
0.365555 0.922152 -0.126511 0.183700 0.039939 -0.151332 -0.987676 0.179000 -0.929932 0.355997 -0.092150 -0.000300 0.000000 0.000000 0.000000 1.000000
0.380653 0.913741 -0.142062 0.183700 0.036222 -0.168243 -0.985080 0.179000 -0.924008 0.369827 -0.097140 -0.000300 0.000000 0.000000 0.000000 1.000000
0.388466 0.908506 -0.153983 0.183700 0.033164 -0.180783 -0.982964 0.179000 -0.920866 0.376741 -0.100358 -0.000300 0.000000 0.000000 0.000000 1.000000
0.388760 0.908528 -0.153111 0.183700 0.033393 -0.179969 -0.983105 0.179000 -0.920734 0.377079 -0.100303 -0.000300 0.000000 0.000000 0.000000 1.000000
0.391568 0.908787 -0.144157 0.183700 0.035760 -0.171579 -0.984521 0.179000 -0.919454 0.380352 -0.099683 -0.000300 0.000000 0.000000 0.000000 1.000000
0.393213 0.908978 -0.138354 0.183700 0.037305 -0.166123 -0.985399 0.179000 -0.918690 0.382311 -0.099232 -0.000300 0.000000 0.000000 0.000000 1.000000
0.393569 0.909031 -0.136989 0.183700 0.037670 -0.164837 -0.985601 0.179000 -0.918523 0.382742 -0.099118 -0.000300 0.000000 0.000000 0.000000 1.000000
0.396019 0.909403 -0.127103 0.183700 0.040321 -0.155509 -0.987011 0.179000 -0.917357 0.385750 -0.098252 -0.000300 0.000000 0.000000 0.000000 1.000000
0.365245 0.924509 -0.108993 0.183700 0.044238 -0.134187 -0.989968 0.179000 -0.929860 0.356760 -0.089910 -0.000300 0.000000 0.000000 0.000000 1.000000
0.362331 0.926078 -0.105334 0.183700 0.045041 -0.130278 -0.990454 0.179000 -0.930960 0.354128 -0.088915 -0.000300 0.000000 0.000000 0.000000 1.000000
0.395115 0.909296 -0.130634 0.183700 0.039371 -0.158836 -0.986520 0.179000 -0.917788 0.384646 -0.098558 -0.000300 0.000000 0.000000 0.000000 1.000000
0.383525 0.908120 -0.168007 0.183700 0.029509 -0.193875 -0.980582 0.179000 -0.923059 0.371120 -0.101154 -0.000300 0.000000 0.000000 0.000000 1.000000
0.375201 0.907724 -0.187781 0.183700 0.024481 -0.212214 -0.976917 0.179000 -0.926620 0.361943 -0.101845 -0.000300 0.000000 0.000000 0.000000 1.000000
0.375065 0.907703 -0.188155 0.183700 0.024387 -0.212564 -0.976843 0.179000 -0.926678 0.361791 -0.101862 -0.000300 0.000000 0.000000 0.000000 1.000000
0.379879 0.907886 -0.177297 0.183700 0.027126 -0.202516 -0.978903 0.179000 -0.924638 0.367056 -0.101558 -0.000300 0.000000 0.000000 0.000000 1.000000
0.385765 0.908255 -0.162044 0.183700 0.031055 -0.188323 -0.981616 0.179000 -0.922074 0.373641 -0.100855 -0.000300 0.000000 0.000000 0.000000 1.000000
0.389194 0.908569 -0.151759 0.183700 0.033750 -0.178703 -0.983324 0.179000 -0.920537 0.377582 -0.100214 -0.000300 0.000000 0.000000 0.000000 1.000000</float_array>
        <technique_common>
          <accessor source="#mixamorig_LeftShoulder-Matrix-animation-output-transform-array" count="19" stride="16">
            <param type="float4x4"/>
          </accessor>
        </technique_common>
      </source>
      <source id="mixamorig_LeftShoulder-Interpolations">
        <Name_array id="mixamorig_LeftShoulder-Interpolations-array" count="19">
 LINEAR LINEAR LINEAR LINEAR LINEAR LINEAR LINEAR LINEAR LINEAR LINEAR LINEAR
LINEAR LINEAR LINEAR LINEAR LINEAR LINEAR LINEAR LINEAR</Name_array>
        <technique_common>
          <accessor source="#mixamorig_LeftShoulder-Interpolations-array" count="19">
            <param type="name"/>
          </accessor>
        </technique_common>
      </source>
      <sampler id="mixamorig_LeftShoulder-Matrix-animation-transform">
        <input semantic="INPUT" source="#mixamorig_LeftShoulder-Matrix-animation-input"/>
        <input semantic="OUTPUT" source="#mixamorig_LeftShoulder-Matrix-animation-output-transform"/>
        <input semantic="INTERPOLATION" source="#mixamorig_LeftShoulder-Interpolations"/>
      </sampler>
      <channel source="#mixamorig_LeftShoulder-Matrix-animation-transform" target="mixamorig_LeftShoulder/matrix"/>
    </animation>
    <animation id="mixamorig_LeftArm-anim" name="mixamorig_LeftArm">
      <source id="mixamorig_LeftArm-Matrix-animation-input">
        <float_array id="mixamorig_LeftArm-Matrix-animation-input-array" count="19">

0.000000 0.033333 0.066667 0.100000 0.133333 0.166667 0.200000 0.233333 0.266667 0.300000 0.333333 0.366667 0.400000 0.433333 0.466667 0.500000
0.533333 0.566667 0.600000</float_array>
        <technique_common>
          <accessor source="#mixamorig_LeftArm-Matrix-animation-input-array" count="19">
            <param name="TIME" type="float"/>
          </accessor>
        </technique_common>
      </source>
      <source id="mixamorig_LeftArm-Matrix-animation-output-transform">
        <float_array id="mixamorig_LeftArm-Matrix-animation-output-transform-array" count="304">

0.297624 -0.954215 -0.029889 0.000000 0.800386 0.266465 -0.537009 0.397000 0.520387 0.135904 0.843047 0.000000 0.000000 0.000000 0.000000 1.000000
0.235661 -0.965712 -0.108925 -0.000000 0.830016 0.258303 -0.494321 0.397000 0.505507 0.026083 0.862428 0.000000 0.000000 0.000000 0.000000 1.000000
0.127498 -0.984181 -0.123008 0.000000 0.848660 0.172439 -0.500040 0.397000 0.513342 -0.040638 0.857222 0.000000 0.000000 0.000000 0.000000 1.000000
0.044291 -0.994938 -0.090199 -0.000000 0.844240 0.085549 -0.529094 0.397000 0.534133 -0.052715 0.843755 0.000000 0.000000 0.000000 0.000000 1.000000
0.006606 -0.999460 -0.032189 0.000000 0.839868 0.023017 -0.542302 0.397000 0.542750 -0.023452 0.839567 0.000000 0.000000 0.000000 0.000000 1.000000
0.018324 -0.999779 0.010265 -0.000000 0.866121 0.010743 -0.499718 0.397000 0.499498 0.018048 0.866127 0.000000 0.000000 0.000000 0.000000 1.000000
0.054293 -0.998006 0.032185 -0.000000 0.891127 0.033886 -0.452486 0.397000 0.450493 0.053248 0.891190 0.000000 0.000000 0.000000 0.000000 1.000000
0.091237 -0.995545 0.023800 0.000000 0.880489 0.069482 -0.468948 0.397000 0.465205 0.063741 0.882905 0.000000 0.000000 0.000000 0.000000 1.000000
0.139489 -0.990224 -0.000196 0.000000 0.847038 0.119421 -0.517943 0.397000 0.512903 0.072081 0.855415 0.000000 0.000000 0.000000 0.000000 1.000000
0.204423 -0.978618 -0.022758 -0.000000 0.830098 0.185627 -0.525814 0.397000 0.518796 0.088597 0.850295 0.000000 0.000000 0.000000 0.000000 1.000000
0.252306 -0.967648 -0.000063 0.000000 0.842228 0.219636 -0.492354 0.397000 0.476439 0.124170 0.870395 0.000000 0.000000 0.000000 0.000000 1.000000
0.321533 -0.946702 0.019269 0.000000 0.849667 0.279475 -0.447169 0.397000 0.417951 0.160152 0.894242 0.000000 0.000000 0.000000 0.000000 1.000000
0.395161 -0.918190 0.027839 0.000000 0.821512 0.339668 -0.457977 0.397000 0.411054 0.203845 0.888528 0.000000 0.000000 0.000000 0.000000 1.000000
0.399322 -0.913584 0.076853 -0.000000 0.802451 0.307739 -0.511243 0.397000 0.443412 0.265821 0.855993 0.000000 0.000000 0.000000 0.000000 1.000000
0.388186 -0.920328 0.048040 -0.000000 0.756885 0.288640 -0.586355 0.397000 0.525773 0.263976 0.808628 0.000000 0.000000 0.000000 0.000000 1.000000
0.383714 -0.922937 0.030822 0.000000 0.739910 0.287307 -0.608267 0.397000 0.552537 0.256206 0.793134 0.000000 0.000000 0.000000 0.000000 1.000000
0.395438 -0.918491 0.001641 0.000000 0.747962 0.320982 -0.580967 0.397000 0.533086 0.230964 0.813925 0.000000 0.000000 0.000000 0.000000 1.000000
0.378448 -0.925285 -0.025001 -0.000000 0.764914 0.327836 -0.554464 0.397000 0.521233 0.190712 0.831832 0.000000 0.000000 0.000000 0.000000 1.000000
0.297612 -0.954219 -0.029882 0.000000 0.800392 0.266452 -0.537007 0.397000 0.520384 0.135903 0.843048 0.000000 0.000000 0.000000 0.000000 1.000000</float_array>
        <technique_common>
          <accessor source="#mixamorig_LeftArm-Matrix-animation-output-transform-array" count="19" stride="16">
            <param type="float4x4"/>
          </accessor>
        </technique_common>
      </source>
      <source id="mixamorig_LeftArm-Interpolations">
        <Name_array id="mixamorig_LeftArm-Interpolations-array" count="19">
 LINEAR LINEAR LINEAR LINEAR LINEAR LINEAR LINEAR LINEAR LINEAR LINEAR LINEAR
LINEAR LINEAR LINEAR LINEAR LINEAR LINEAR LINEAR LINEAR</Name_array>
        <technique_common>
          <accessor source="#mixamorig_LeftArm-Interpolations-array" count="19">
            <param type="name"/>
          </accessor>
        </technique_common>
      </source>
      <sampler id="mixamorig_LeftArm-Matrix-animation-transform">
        <input semantic="INPUT" source="#mixamorig_LeftArm-Matrix-animation-input"/>
        <input semantic="OUTPUT" source="#mixamorig_LeftArm-Matrix-animation-output-transform"/>
        <input semantic="INTERPOLATION" source="#mixamorig_LeftArm-Interpolations"/>
      </sampler>
      <channel source="#mixamorig_LeftArm-Matrix-animation-transform" target="mixamorig_LeftArm/matrix"/>
    </animation>
    <animation id="mixamorig_LeftForeArm-anim" name="mixamorig_LeftForeArm">
      <source id="mixamorig_LeftForeArm-Matrix-animation-input">
        <float_array id="mixamorig_LeftForeArm-Matrix-animation-input-array" count="19">

0.000000 0.033333 0.066667 0.100000 0.133333 0.166667 0.200000 0.233333 0.266667 0.300000 0.333333 0.366667 0.400000 0.433333 0.466667 0.500000
0.533333 0.566667 0.600000</float_array>
        <technique_common>
          <accessor source="#mixamorig_LeftForeArm-Matrix-animation-input-array" count="19">
            <param name="TIME" type="float"/>
          </accessor>
        </technique_common>
      </source>
      <source id="mixamorig_LeftForeArm-Matrix-animation-output-transform">
        <float_array id="mixamorig_LeftForeArm-Matrix-animation-output-transform-array" count="304">

0.267762 -0.955737 0.121943 0.000000 0.794303 0.290605 0.533509 0.432800 -0.545332 -0.045994 0.836958 0.000000 0.000000 0.000000 0.000000 1.000000
