<?xml version="1.0" encoding="utf-8"?>
<COLLADA xmlns="http://www.collada.org/2005/11/COLLADASchema" version="1.4.1">
  <asset>
    <contributor>
      <author>Mixamo</author>
      <authoring_tool>COLLADA Mixamo exporter</authoring_tool>
      <comments/>
    </contributor>
    <created>2024-09-12T00:25:20Z</created>
    <modified>2024-09-12T00:25:20Z</modified>
    <revision/>
    <title/>
    <unit meter="0.010000"/>
    <up_axis>Y_UP</up_axis>
  </asset>
  <library_animations>
    <animation id="mixamorig_Hips-anim" name="mixamorig_Hips">
      <source id="mixamorig_Hips-Matrix-animation-input">
        <float_array id="mixamorig_Hips-Matrix-animation-input-array" count="69">

0.000000 0.033333 0.066667 0.100000 0.133333 0.166667 0.200000 0.233333 0.266667 0.300000 0.333333 0.366667 0.400000 0.433333 0.466667 0.500000
0.533333 0.566667 0.600000 0.633333 0.666667 0.700000 0.733333 0.766667 0.800000 0.833333 0.866667 0.900000 0.933333 0.966667 1.000000 1.033333
1.066667 1.100000 1.133333 1.166667 1.200000 1.233333 1.266667 1.300000 1.333333 1.366667 1.400000 1.433333 1.466667 1.500000 1.533333 1.566667
1.600000 1.633333 1.666667 1.700000 1.733333 1.766667 1.800000 1.833333 1.866667 1.900000 1.933333 1.966667 2.000000 2.033333 2.066667 2.100000
2.133333 2.166667 2.200000 2.233333 2.266667</float_array>
        <technique_common>
          <accessor source="#mixamorig_Hips-Matrix-animation-input-array" count="69">
            <param name="TIME" type="float"/>
          </accessor>
        </technique_common>
      </source>
      <source id="mixamorig_Hips-Matrix-animation-output-transform">
        <float_array id="mixamorig_Hips-Matrix-animation-output-transform-array" count="1104">

0.584774 -0.124345 -0.801610 -0.000510 -0.008466 0.987193 -0.159308 0.907682 0.811152 0.099946 0.576231 -0.015884 0.000000 0.000000 0.000000 1.000000
0.618098 -0.117140 -0.777325 0.004376 0.000247 0.988864 -0.148821 0.892640 0.786101 0.091794 0.611244 -0.055814 0.000000 0.000000 0.000000 1.000000
0.677884 -0.064291 -0.732353 0.001567 0.017199 0.997283 -0.071629 0.880231 0.734968 0.035961 0.677148 -0.094981 0.000000 0.000000 0.000000 1.000000
0.757651 0.042166 -0.651297 -0.007631 0.027675 0.994938 0.096608 0.873609 0.652073 -0.091220 0.752648 -0.132575 0.000000 0.000000 0.000000 1.000000
0.816138 0.099707 -0.569190 -0.016129 0.028876 0.976734 0.212501 0.879972 0.577135 -0.189866 0.794271 -0.172287 0.000000 0.000000 0.000000 1.000000
0.820813 0.118816 -0.558702 -0.025768 0.045658 0.961348 0.271523 0.901064 0.569369 -0.248379 0.783663 -0.209291 0.000000 0.000000 0.000000 1.000000
0.814354 0.118018 -0.568242 -0.031921 0.057458 0.957901 0.281291 0.922874 0.577517 -0.261721 0.773289 -0.239031 0.000000 0.000000 0.000000 1.000000
0.809482 0.111854 -0.576392 -0.037233 0.064718 0.958707 0.276934 0.943614 0.583567 -0.261476 0.768817 -0.265846 0.000000 0.000000 0.000000 1.000000
0.804772 0.103566 -0.584479 -0.041614 0.067820 0.962171 0.263872 0.960791 0.589697 -0.251996 0.767304 -0.288328 0.000000 0.000000 0.000000 1.000000
0.798527 0.096486 -0.594176 -0.045177 0.068400 0.966134 0.248811 0.973219 0.598060 -0.239323 0.764884 -0.306061 0.000000 0.000000 0.000000 1.000000
0.791631 0.089803 -0.604364 -0.048236 0.067511 0.970227 0.232597 0.981657 0.607258 -0.224932 0.761999 -0.318318 0.000000 0.000000 0.000000 1.000000
0.784502 0.083567 -0.614470 -0.050828 0.065621 0.974128 0.216260 0.987484 0.616645 -0.209979 0.758722 -0.327242 0.000000 0.000000 0.000000 1.000000
0.777519 0.077868 -0.624019 -0.053153 0.063285 0.977578 0.200838 0.992553 0.625667 -0.195646 0.755158 -0.336106 0.000000 0.000000 0.000000 1.000000
0.771205 0.073029 -0.632384 -0.055048 0.060817 0.980402 0.187387 0.996716 0.633675 -0.182974 0.751650 -0.344723 0.000000 0.000000 0.000000 1.000000
0.766104 0.069365 -0.638963 -0.057011 0.058638 0.982470 0.176961 1.000145 0.640036 -0.173038 0.748606 -0.353329 0.000000 0.000000 0.000000 1.000000
0.762762 0.067224 -0.643176 -0.059216 0.057165 0.983679 0.170608 1.002887 0.644148 -0.166901 0.746470 -0.361960 0.000000 0.000000 0.000000 1.000000
0.761474 0.067319 -0.644691 -0.061412 0.056145 0.984004 0.169066 1.004445 0.645760 -0.164935 0.745514 -0.370511 0.000000 0.000000 0.000000 1.000000
0.761878 0.069651 -0.643965 -0.063341 0.055171 0.983610 0.171660 1.004565 0.645367 -0.166312 0.745548 -0.378768 0.000000 0.000000 0.000000 1.000000
0.762640 0.072248 -0.642776 -0.064733 0.054969 0.982908 0.175699 1.003693 0.644484 -0.169328 0.745633 -0.386534 0.000000 0.000000 0.000000 1.000000
0.762344 0.073308 -0.643006 -0.065685 0.054798 0.982684 0.177002 1.002639 0.644848 -0.170172 0.745126 -0.393614 0.000000 0.000000 0.000000 1.000000
0.761600 0.073659 -0.643848 -0.066535 0.055056 0.982573 0.177536 1.001329 0.645704 -0.170659 0.744272 -0.400503 0.000000 0.000000 0.000000 1.000000
0.760532 0.073268 -0.645154 -0.067453 0.057373 0.982143 0.179173 0.999824 0.646761 -0.173281 0.742747 -0.407621 0.000000 0.000000 0.000000 1.000000
0.759277 0.072192 -0.646751 -0.068425 0.063275 0.980929 0.183778 0.997814 0.647684 -0.180462 0.740229 -0.415172 0.000000 0.000000 0.000000 1.000000
0.757746 0.070521 -0.648728 -0.069471 0.073372 0.978631 0.192086 0.995162 0.648412 -0.193151 0.736380 -0.423122 0.000000 0.000000 0.000000 1.000000
0.754773 0.068377 -0.652413 -0.070820 0.083323 0.976504 0.198740 0.992659 0.650673 -0.204365 0.731341 -0.430640 0.000000 0.000000 0.000000 1.000000
0.750371 0.065870 -0.657727 -0.072136 0.092536 0.974757 0.203190 0.989494 0.654508 -0.213331 0.725334 -0.438100 0.000000 0.000000 0.000000 1.000000
0.744773 0.063070 -0.664331 -0.072979 0.101288 0.973305 0.205956 0.984664 0.659587 -0.220679 0.718503 -0.446266 0.000000 0.000000 0.000000 1.000000
0.738209 0.060023 -0.671896 -0.073185 0.109883 0.972030 0.207563 0.977814 0.665562 -0.227055 0.710966 -0.455570 0.000000 0.000000 0.000000 1.000000
0.730902 0.056801 -0.680115 -0.073046 0.118600 0.970797 0.208534 0.971427 0.672098 -0.233080 0.702821 -0.464548 0.000000 0.000000 0.000000 1.000000
0.723096 0.053393 -0.688681 -0.072940 0.127840 0.969440 0.209389 0.965112 0.678814 -0.239450 0.694172 -0.473805 0.000000 0.000000 0.000000 1.000000
0.715038 0.049782 -0.697311 -0.073074 0.138042 0.967768 0.210642 0.957903 0.685321 -0.246875 0.685119 -0.484236 0.000000 0.000000 0.000000 1.000000
0.707013 0.046213 -0.705689 -0.073314 0.149296 0.965620 0.212811 0.948652 0.691262 -0.255817 0.675807 -0.496073 0.000000 0.000000 0.000000 1.000000
0.699298 0.042917 -0.713540 -0.073561 0.161727 0.962814 0.216409 0.936141 0.696295 -0.266733 0.666354 -0.509698 0.000000 0.000000 0.000000 1.000000
0.692149 0.039937 -0.720649 -0.074053 0.175732 0.959095 0.221933 0.919122 0.700034 -0.280252 0.656819 -0.525957 0.000000 0.000000 0.000000 1.000000
0.685819 0.037340 -0.726813 -0.074856 0.191673 0.954157 0.229881 0.896933 0.702078 -0.296967 0.647222 -0.545212 0.000000 0.000000 0.000000 1.000000
0.680588 0.035038 -0.731828 -0.076601 0.210095 0.947575 0.240752 0.872595 0.701897 -0.317606 0.637547 -0.566041 0.000000 0.000000 0.000000 1.000000
0.676737 0.032918 -0.735488 -0.079943 0.231520 0.938803 0.255044 0.846429 0.698874 -0.342878 0.627702 -0.589175 0.000000 0.000000 0.000000 1.000000
0.674538 0.031169 -0.737582 -0.084425 0.255944 0.927268 0.273252 0.818043 0.692453 -0.373099 0.617500 -0.614570 0.000000 0.000000 0.000000 1.000000
0.674098 0.029970 -0.738034 -0.088985 0.283290 0.912279 0.295794 0.786085 0.682157 -0.408471 0.606475 -0.641181 0.000000 0.000000 0.000000 1.000000
0.675447 0.028765 -0.736847 -0.093008 0.314324 0.892683 0.322981 0.748280 0.667062 -0.449765 0.593919 -0.669889 0.000000 0.000000 0.000000 1.000000
0.680648 0.029122 -0.732032 -0.097839 0.345782 0.868139 0.356047 0.708023 0.645874 -0.495466 0.580827 -0.701892 0.000000 0.000000 0.000000 1.000000
0.688001 0.029209 -0.725121 -0.102506 0.380166 0.836611 0.394405 0.663133 0.618165 -0.547018 0.564485 -0.738986 0.000000 0.000000 0.000000 1.000000
0.697055 0.027272 -0.716499 -0.107451 0.418720 0.795702 0.437643 0.610014 0.582055 -0.605074 0.543229 -0.783478 0.000000 0.000000 0.000000 1.000000
0.714995 0.022341 -0.698772 -0.112757 0.468852 0.726098 0.502951 0.536421 0.518614 -0.687228 0.508682 -0.845356 0.000000 0.000000 0.000000 1.000000
0.737636 0.014480 -0.675043 -0.114710 0.523966 0.618290 0.585814 0.446262 0.425855 -0.785817 0.448486 -0.921169 0.000000 0.000000 0.000000 1.000000
0.752901 0.008514 -0.658079 -0.112620 0.570401 0.490355 0.658934 0.354091 0.328303 -0.871481 0.364332 -0.993845 0.000000 0.000000 0.000000 1.000000
0.766033 0.011517 -0.642698 -0.112638 0.599316 0.348702 0.720574 0.270530 0.232409 -0.937163 0.260215 -1.060579 0.000000 0.000000 0.000000 1.000000
0.778710 0.040113 -0.626101 -0.110775 0.606487 0.207293 0.767596 0.205275 0.160577 -0.977456 0.137093 -1.120117 0.000000 0.000000 0.000000 1.000000
0.793459 0.069955 -0.604590 -0.105955 0.599119 0.085098 0.796125 0.168730 0.107142 -0.993914 0.025610 -1.176648 0.000000 0.000000 0.000000 1.000000
0.839913 0.074853 -0.537534 -0.090314 0.539188 -0.002260 0.842183 0.170531 0.061825 -0.997192 -0.042258 -1.217924 0.000000 0.000000 0.000000 1.000000
0.876791 0.065518 -0.476388 -0.069952 0.479992 -0.059345 0.875263 0.189021 0.029074 -0.996085 -0.083481 -1.253535 0.000000 0.000000 0.000000 1.000000
0.892823 0.043071 -0.448343 -0.046238 0.450405 -0.082301 0.889023 0.218618 0.001392 -0.995676 -0.092880 -1.285728 0.000000 0.000000 0.000000 1.000000
0.903765 0.018056 -0.427648 -0.021122 0.427242 -0.098609 0.898744 0.248472 -0.025942 -0.994962 -0.096834 -1.317661 0.000000 0.000000 0.000000 1.000000
0.912241 -0.001690 -0.409651 0.003698 0.406815 -0.113787 0.906396 0.271842 -0.048145 -0.993504 -0.103114 -1.345440 0.000000 0.000000 0.000000 1.000000
0.920492 -0.007529 -0.390689 0.024637 0.386366 -0.132014 0.912849 0.276227 -0.058449 -0.991219 -0.118608 -1.361807 0.000000 0.000000 0.000000 1.000000
0.930512 -0.021159 -0.365649 0.042169 0.359498 -0.138192 0.922856 0.267940 -0.070056 -0.990179 -0.120983 -1.372131 0.000000 0.000000 0.000000 1.000000
0.943245 -0.036393 -0.330098 0.053588 0.321611 -0.147719 0.935278 0.247442 -0.082799 -0.988360 -0.127630 -1.378305 0.000000 0.000000 0.000000 1.000000
0.956882 -0.051583 -0.285861 0.062648 0.274624 -0.160019 0.948143 0.218974 -0.094651 -0.985765 -0.138953 -1.384794 0.000000 0.000000 0.000000 1.000000
0.968794 -0.065886 -0.238951 0.069433 0.224806 -0.172513 0.959011 0.189484 -0.104408 -0.982801 -0.152318 -1.392828 0.000000 0.000000 0.000000 1.000000
0.977010 -0.080705 -0.197329 0.073499 0.180056 -0.183250 0.966436 0.167974 -0.114156 -0.979748 -0.164506 -1.402994 0.000000 0.000000 0.000000 1.000000
0.980875 -0.095592 -0.169549 0.074928 0.149236 -0.189859 0.970403 0.158647 -0.124953 -0.977147 -0.171962 -1.414774 0.000000 0.000000 0.000000 1.000000
0.981863 -0.101570 -0.160088 0.075827 0.138578 -0.191766 0.971608 0.155566 -0.129385 -0.976171 -0.174212 -1.422646 0.000000 0.000000 0.000000 1.000000
0.981519 -0.094358 -0.166486 0.076741 0.146389 -0.190110 0.970788 0.154128 -0.123253 -0.977218 -0.172784 -1.424953 0.000000 0.000000 0.000000 1.000000
0.979477 -0.088535 -0.181071 0.078075 0.162295 -0.186288 0.968998 0.151597 -0.119521 -0.978498 -0.168096 -1.421435 0.000000 0.000000 0.000000 1.000000
0.977008 -0.083375 -0.196224 0.078712 0.178960 -0.179540 0.967336 0.150830 -0.115882 -0.980211 -0.160491 -1.419333 0.000000 0.000000 0.000000 1.000000
0.975527 -0.077524 -0.205762 0.079267 0.190546 -0.168936 0.967033 0.150229 -0.109729 -0.982574 -0.150029 -1.419594 0.000000 0.000000 0.000000 1.000000
0.975918 -0.073388 -0.205422 0.079042 0.192962 -0.148751 0.969865 0.146777 -0.101733 -0.986148 -0.131008 -1.421194 0.000000 0.000000 0.000000 1.000000
0.977124 -0.069352 -0.201047 0.078996 0.190431 -0.135572 0.972294 0.143104 -0.094687 -0.988337 -0.119263 -1.422937 0.000000 0.000000 0.000000 1.000000
0.976068 -0.058063 -0.209570 0.079321 0.200624 -0.131421 0.970813 0.143180 -0.083910 -0.989625 -0.116627 -1.424266 0.000000 0.000000 0.000000 1.000000</float_array>
        <technique_common>
          <accessor source="#mixamorig_Hips-Matrix-animation-output-transform-array" count="69" stride="16">
            <param type="float4x4"/>
          </accessor>
        </technique_common>
      </source>
      <source id="mixamorig_Hips-Interpolations">
        <Name_array id="mixamorig_Hips-Interpolations-array" count="69">
 LINEAR LINEAR LINEAR LINEAR LINEAR LINEAR LINEAR LINEAR LINEAR LINEAR LINEAR
LINEAR LINEAR LINEAR LINEAR LINEAR LINEAR LINEAR LINEAR LINEAR LINEAR LINEAR LINEAR
LINEAR LINEAR LINEAR LINEAR LINEAR LINEAR LINEAR LINEAR LINEAR LINEAR LINEAR LINEAR
LINEAR LINEAR LINEAR LINEAR LINEAR LINEAR LINEAR LINEAR LINEAR LINEAR LINEAR LINEAR
LINEAR LINEAR LINEAR LINEAR LINEAR LINEAR LINEAR LINEAR LINEAR LINEAR LINEAR LINEAR
LINEAR LINEAR LINEAR LINEAR LINEAR LINEAR LINEAR LINEAR LINEAR LINEAR</Name_array>
        <technique_common>
          <accessor source="#mixamorig_Hips-Interpolations-array" count="69">
            <param type="name"/>
          </accessor>
        </technique_common>
      </source>
      <sampler id="mixamorig_Hips-Matrix-animation-transform">
        <input semantic="INPUT" source="#mixamorig_Hips-Matrix-animation-input"/>
        <input semantic="OUTPUT" source="#mixamorig_Hips-Matrix-animation-output-transform"/>
        <input semantic="INTERPOLATION" source="#mixamorig_Hips-Interpolations"/>
      </sampler>
      <channel source="#mixamorig_Hips-Matrix-animation-transform" target="mixamorig_Hips/matrix"/>
    </animation>
    <animation id="mixamorig_Spine-anim" name="mixamorig_Spine">
      <source id="mixamorig_Spine-Matrix-animation-input">
        <float_array id="mixamorig_Spine-Matrix-animation-input-array" count="69">

0.000000 0.033333 0.066667 0.100000 0.133333 0.166667 0.200000 0.233333 0.266667 0.300000 0.333333 0.366667 0.400000 0.433333 0.466667 0.500000
0.533333 0.566667 0.600000 0.633333 0.666667 0.700000 0.733333 0.766667 0.800000 0.833333 0.866667 0.900000 0.933333 0.966667 1.000000 1.033333
1.066667 1.100000 1.133333 1.166667 1.200000 1.233333 1.266667 1.300000 1.333333 1.366667 1.400000 1.433333 1.466667 1.500000 1.533333 1.566667
1.600000 1.633333 1.666667 1.700000 1.733333 1.766667 1.800000 1.833333 1.866667 1.900000 1.933333 1.966667 2.000000 2.033333 2.066667 2.100000
2.133333 2.166667 2.200000 2.233333 2.266667</float_array>
        <technique_common>
          <accessor source="#mixamorig_Spine-Matrix-animation-input-array" count="69">
            <param name="TIME" type="float"/>
          </accessor>
        </technique_common>
      </source>
      <source id="mixamorig_Spine-Matrix-animation-output-transform">
        <float_array id="mixamorig_Spine-Matrix-animation-output-transform-array" count="1104">

0.996594 0.059961 0.056612 0.000000 -0.051525 0.988778 -0.140226 0.163500 -0.064385 0.136832 0.988500 0.001800 0.000000 0.000000 0.000000 1.000000
0.996059 0.068885 0.055862 0.000000 -0.060066 0.987379 -0.146545 0.163500 -0.065251 0.142612 0.987625 0.001800 0.000000 0.000000 0.000000 1.000000
0.995268 0.084089 0.048686 0.000000 -0.074070 0.980881 -0.179963 0.163500 -0.062888 0.175505 0.982468 0.001800 0.000000 0.000000 0.000000 1.000000
0.994508 0.095507 0.042811 0.000000 -0.081378 0.962829 -0.257561 0.163500 -0.065819 0.252662 0.965313 0.001800 0.000000 0.000000 0.000000 1.000000
0.994869 0.098200 0.024335 0.000000 -0.087962 0.958422 -0.271457 0.163500 -0.049980 0.267924 0.962143 0.001800 0.000000 0.000000 0.000000 1.000000
0.994798 0.095434 0.035625 -0.000000 -0.085097 0.970787 -0.224348 0.163500 -0.055994 0.220150 0.973858 0.001800 0.000000 0.000000 0.000000 1.000000
0.995511 0.083147 0.045223 0.000000 -0.073828 0.981130 -0.178700 0.163500 -0.059228 0.174559 0.982864 0.001800 0.000000 0.000000 0.000000 1.000000
0.996491 0.066318 0.051068 0.000000 -0.058895 0.989066 -0.135206 0.163500 -0.059476 0.131724 0.989501 0.001800 0.000000 0.000000 0.000000 1.000000
0.997376 0.048115 0.054101 0.000000 -0.042502 0.994029 -0.100502 0.163500 -0.058614 0.097939 0.993465 0.001800 0.000000 0.000000 0.000000 1.000000
0.997974 0.030250 0.055978 0.000000 -0.025985 0.996813 -0.075422 0.163500 -0.058081 0.073815 0.995579 0.001800 0.000000 0.000000 0.000000 1.000000
0.998293 0.012035 0.057152 0.000000 -0.008957 0.998511 -0.053808 0.163500 -0.057714 0.053205 0.996914 0.001800 0.000000 0.000000 0.000000 1.000000
0.998319 -0.005774 0.057673 0.000000 0.007848 0.999328 -0.035799 0.163500 -0.057428 0.036191 0.997693 0.001800 0.000000 0.000000 0.000000 1.000000
0.998083 -0.022409 0.057696 -0.000000 0.023685 0.999488 -0.021524 0.163500 -0.057184 0.022850 0.998102 0.001800 0.000000 0.000000 0.000000 1.000000
0.997667 -0.037356 0.057148 0.000000 0.038050 0.999214 -0.011095 0.163500 -0.056689 0.013243 0.998304 0.001800 0.000000 0.000000 0.000000 1.000000
0.997179 -0.050040 0.055952 0.000000 0.050376 0.998720 -0.004615 0.163500 -0.055649 0.007421 0.998423 0.001800 0.000000 0.000000 0.000000 1.000000
0.996741 -0.059907 0.054032 -0.000000 0.060112 0.998189 -0.002178 0.163500 -0.053803 0.005419 0.998537 0.001800 0.000000 0.000000 0.000000 1.000000
0.996633 -0.063431 0.051948 0.000000 0.063886 0.997932 -0.007140 0.163500 -0.051388 0.010435 0.998624 0.001800 0.000000 0.000000 0.000000 1.000000
0.996593 -0.065859 0.049648 -0.000000 0.066612 0.997685 -0.013667 0.163500 -0.048633 0.016928 0.998673 0.001800 0.000000 0.000000 0.000000 1.000000
0.996610 -0.067393 0.047187 0.000000 0.068468 0.997421 -0.021544 0.163500 -0.045613 0.024701 0.998654 0.001800 0.000000 0.000000 0.000000 1.000000
0.996677 -0.068132 0.044639 0.000000 0.069530 0.997112 -0.030559 0.163500 -0.042428 0.033561 0.998536 0.001800 0.000000 0.000000 0.000000 1.000000
0.996787 -0.068175 0.042040 0.000000 0.069880 0.996733 -0.040504 0.163500 -0.039142 0.043311 0.998295 0.001800 0.000000 0.000000 0.000000 1.000000
0.996931 -0.067617 0.039452 0.000000 0.069596 0.996262 -0.051168 0.163500 -0.035844 0.053757 0.997910 0.001800 0.000000 0.000000 0.000000 1.000000
0.997093 -0.066658 0.036898 0.000000 0.068870 0.995676 -0.062340 0.163500 -0.032583 0.064700 0.997373 0.001800 0.000000 0.000000 0.000000 1.000000
0.997264 -0.065314 0.034624 0.000000 0.067719 0.994988 -0.073578 0.163500 -0.029644 0.075722 0.996688 0.001800 0.000000 0.000000 0.000000 1.000000
0.997448 -0.063617 0.032415 -0.000000 0.066170 0.994185 -0.084959 0.163500 -0.026821 0.086887 0.995857 0.001800 0.000000 0.000000 0.000000 1.000000
0.997633 -0.061797 0.030160 0.000000 0.064443 0.993244 -0.096504 0.163500 -0.023992 0.098219 0.994876 0.001800 0.000000 0.000000 0.000000 1.000000
0.997811 -0.059868 0.028093 -0.000000 0.062569 0.992191 -0.107895 0.163500 -0.021414 0.109417 0.993765 0.001800 0.000000 0.000000 0.000000 1.000000
0.997976 -0.057820 0.026458 0.000000 0.060570 0.991067 -0.118818 0.163500 -0.019352 0.120180 0.992564 0.001800 0.000000 0.000000 0.000000 1.000000
0.998123 -0.055672 0.025516 -0.000000 0.058512 0.989922 -0.128962 0.163500 -0.018079 0.130212 0.991321 0.001800 0.000000 0.000000 0.000000 1.000000
0.998252 -0.053327 0.025493 0.000000 0.056348 0.988825 -0.138023 0.163500 -0.017848 0.139218 0.990101 0.001800 0.000000 0.000000 0.000000 1.000000
0.998361 -0.050660 0.026612 0.000000 0.054010 0.987853 -0.145704 0.163500 -0.018907 0.146902 0.988970 0.001800 0.000000 0.000000 0.000000 1.000000
0.998410 -0.048091 0.029401 -0.000000 0.051994 0.987175 -0.150937 0.163500 -0.021765 0.152226 0.988106 0.001800 0.000000 0.000000 0.000000 1.000000
0.998372 -0.045918 0.033843 -0.000000 0.050594 0.986837 -0.153602 0.163500 -0.026344 0.155064 0.987553 0.001800 0.000000 0.000000 0.000000 1.000000
0.998260 -0.043930 0.039330 0.000000 0.049521 0.986702 -0.154814 0.163500 -0.032006 0.156492 0.987161 0.001800 0.000000 0.000000 0.000000 1.000000
0.998094 -0.041951 0.045265 0.000000 0.048529 0.986615 -0.155681 0.163500 -0.038128 0.157581 0.986770 0.001800 0.000000 0.000000 0.000000 1.000000
0.997913 -0.039594 0.051007 0.000000 0.047180 0.986419 -0.157329 0.163500 -0.044085 0.159407 0.986228 0.001800 0.000000 0.000000 0.000000 1.000000
0.997769 -0.036466 0.055915 0.000000 0.045049 0.985945 -0.160884 0.163500 -0.049263 0.163044 0.985388 0.001800 0.000000 0.000000 0.000000 1.000000
0.997698 -0.032659 0.059434 0.000000 0.042217 0.984978 -0.167439 0.163500 -0.053072 0.169563 0.984089 0.001800 0.000000 0.000000 0.000000 1.000000
0.997696 -0.028626 0.061509 0.000000 0.039165 0.983316 -0.177641 0.163500 -0.055397 0.179641 0.982171 0.001800 0.000000 0.000000 0.000000 1.000000
0.997680 -0.024878 0.063374 0.000000 0.036535 0.981102 -0.190011 0.163500 -0.057449 0.191886 0.979734 0.001800 0.000000 0.000000 0.000000 1.000000
0.997761 -0.023193 0.062734 0.000000 0.035618 0.978141 -0.204868 0.163500 -0.056611 0.206644 0.976777 0.001800 0.000000 0.000000 0.000000 1.000000
0.997936 -0.019231 0.061276 0.000000 0.032478 0.974237 -0.223176 0.163500 -0.055406 0.224706 0.972850 0.001800 0.000000 0.000000 0.000000 1.000000
0.998220 -0.009271 0.058911 -0.000000 0.023507 0.969028 -0.245830 0.163500 -0.054808 0.246777 0.967521 0.001800 0.000000 0.000000 0.000000 1.000000
0.998507 0.010243 0.053662 -0.000000 0.005074 0.960634 -0.277769 0.163500 -0.054395 0.277627 0.959148 0.001800 0.000000 0.000000 0.000000 1.000000
0.998118 0.034469 0.050720 0.000000 -0.016705 0.948627 -0.315955 0.163500 -0.059005 0.314513 0.947418 0.001800 0.000000 0.000000 0.000000 1.000000
0.996971 0.054038 0.055943 -0.000000 -0.030958 0.935507 -0.351950 0.163500 -0.071354 0.349152 0.934346 0.001800 0.000000 0.000000 0.000000 1.000000
0.996523 0.055955 0.061729 -0.000000 -0.028260 0.924001 -0.381344 0.163500 -0.078376 0.378274 0.922370 0.001800 0.000000 0.000000 0.000000 1.000000
0.997255 0.018260 0.071761 0.000000 0.011867 0.917181 -0.398295 0.163500 -0.073090 0.398053 0.914446 0.001800 0.000000 0.000000 0.000000 1.000000
0.994443 -0.050449 0.092405 0.000000 0.080075 0.932282 -0.352758 0.163500 -0.068351 0.358197 0.931141 0.001800 0.000000 0.000000 0.000000 1.000000
0.989204 -0.092789 0.113428 0.000000 0.122672 0.947737 -0.294526 0.163500 -0.080172 0.305260 0.948888 0.001800 0.000000 0.000000 0.000000 1.000000
0.983600 -0.118964 0.135568 -0.000000 0.150257 0.956240 -0.251052 0.163500 -0.099770 0.267305 0.958433 0.001800 0.000000 0.000000 0.000000 1.000000
0.978021 -0.131570 0.161751 0.000000 0.165075 0.962518 -0.215197 0.163500 -0.127375 0.237168 0.963082 0.001800 0.000000 0.000000 0.000000 1.000000
0.972027 -0.140298 0.188363 0.000000 0.175064 0.967433 -0.182827 0.163500 -0.156578 0.210689 0.964932 0.001800 0.000000 0.000000 0.000000 1.000000
0.965196 -0.150353 0.213986 -0.000000 0.186356 0.969467 -0.159390 0.163500 -0.183488 0.193721 0.963745 0.001800 0.000000 0.000000 0.000000 1.000000
0.956992 -0.164342 0.239079 0.000000 0.205531 0.965662 -0.158914 0.163500 -0.204753 0.201218 0.957908 0.001800 0.000000 0.000000 0.000000 1.000000
0.950992 -0.173865 0.255706 -0.000000 0.217155 0.964230 -0.152000 0.163500 -0.220132 0.200079 0.954731 0.001800 0.000000 0.000000 0.000000 1.000000
0.955543 -0.172470 0.239148 0.000000 0.218266 0.959062 -0.180444 0.163500 -0.198236 0.224619 0.954069 0.001800 0.000000 0.000000 0.000000 1.000000
0.963880 -0.168252 0.206463 -0.000000 0.214240 0.950340 -0.225732 0.163500 -0.158230 0.261811 0.952060 0.001800 0.000000 0.000000 0.000000 1.000000
0.972591 -0.163303 0.165524 0.000000 0.204679 0.939049 -0.276213 0.163500 -0.110329 0.302522 0.946735 0.001800 0.000000 0.000000 0.000000 1.000000
0.979680 -0.156743 0.125133 0.000000 0.189468 0.927917 -0.321049 0.163500 -0.065791 0.338234 0.938759 0.001800 0.000000 0.000000 0.000000 1.000000
0.984299 -0.148862 0.094849 -0.000000 0.172963 0.920630 -0.350035 0.163500 -0.035214 0.360944 0.931922 0.001800 0.000000 0.000000 0.000000 1.000000
0.985998 -0.146952 0.078822 0.000000 0.165649 0.917520 -0.361549 0.163500 -0.019190 0.369543 0.929015 0.001800 0.000000 0.000000 0.000000 1.000000
0.985253 -0.153655 0.075284 0.000000 0.170590 0.916249 -0.362472 0.163500 -0.013283 0.369969 0.928949 0.001800 0.000000 0.000000 0.000000 1.000000
0.984674 -0.156827 0.076305 0.000000 0.173831 0.917982 -0.356500 0.163500 -0.014138 0.364300 0.931174 0.001800 0.000000 0.000000 0.000000 1.000000
0.984111 -0.158665 0.079699 0.000000 0.176583 0.921513 -0.345880 0.163500 -0.018564 0.354458 0.934888 0.001800 0.000000 0.000000 0.000000 1.000000
0.983237 -0.161419 0.084788 0.000000 0.180644 0.925530 -0.332808 0.163500 -0.024753 0.342546 0.939175 0.001800 0.000000 0.000000 0.000000 1.000000
0.982309 -0.161994 0.093948 0.000000 0.183529 0.932515 -0.311019 0.163500 -0.037225 0.322759 0.945749 0.001800 0.000000 0.000000 0.000000 1.000000
0.982089 -0.163138 0.094272 0.000000 0.184239 0.936251 -0.299149 0.163500 -0.039460 0.311160 0.949538 0.001800 0.000000 0.000000 0.000000 1.000000
0.981514 -0.164260 0.098225 0.000000 0.186205 0.938208 -0.291706 0.163500 -0.044240 0.304604 0.951451 0.001800 0.000000 0.000000 0.000000 1.000000</float_array>
        <technique_common>
          <accessor source="#mixamorig_Spine-Matrix-animation-output-transform-array" count="69" stride="16">
            <param type="float4x4"/>
          </accessor>
        </technique_common>
      </source>
      <source id="mixamorig_Spine-Interpolations">
        <Name_array id="mixamorig_Spine-Interpolations-array" count="69">
 LINEAR LINEAR LINEAR LINEAR LINEAR LINEAR LINEAR LINEAR LINEAR LINEAR LINEAR
LINEAR LINEAR LINEAR LINEAR LINEAR LINEAR LINEAR LINEAR LINEAR LINEAR LINEAR LINEAR
LINEAR LINEAR LINEAR LINEAR LINEAR LINEAR LINEAR LINEAR LINEAR LINEAR LINEAR LINEAR
LINEAR LINEAR LINEAR LINEAR LINEAR LINEAR LINEAR LINEAR LINEAR LINEAR LINEAR LINEAR
LINEAR LINEAR LINEAR LINEAR LINEAR LINEAR LINEAR LINEAR LINEAR LINEAR LINEAR LINEAR
LINEAR LINEAR LINEAR LINEAR LINEAR LINEAR LINEAR LINEAR LINEAR LINEAR</Name_array>
        <technique_common>
          <accessor source="#mixamorig_Spine-Interpolations-array" count="69">
            <param type="name"/>
          </accessor>
        </technique_common>
      </source>
      <sampler id="mixamorig_Spine-Matrix-animation-transform">
        <input semantic="INPUT" source="#mixamorig_Spine-Matrix-animation-input"/>
        <input semantic="OUTPUT" source="#mixamorig_Spine-Matrix-animation-output-transform"/>
        <input semantic="INTERPOLATION" source="#mixamorig_Spine-Interpolations"/>
      </sampler>
      <channel source="#mixamorig_Spine-Matrix-animation-transform" target="mixamorig_Spine/matrix"/>
    </animation>
    <animation id="mixamorig_Spine1-anim" name="mixamorig_Spine1">
      <source id="mixamorig_Spine1-Matrix-animation-input">
        <float_array id="mixamorig_Spine1-Matrix-animation-input-array" count="69">

0.000000 0.033333 0.066667 0.100000 0.133333 0.166667 0.200000 0.233333 0.266667 0.300000 0.333333 0.366667 0.400000 0.433333 0.466667 0.500000
0.533333 0.566667 0.600000 0.633333 0.666667 0.700000 0.733333 0.766667 0.800000 0.833333 0.866667 0.900000 0.933333 0.966667 1.000000 1.033333
1.066667 1.100000 1.133333 1.166667 1.200000 1.233333 1.266667 1.300000 1.333333 1.366667 1.400000 1.433333 1.466667 1.500000 1.533333 1.566667
1.600000 1.633333 1.666667 1.700000 1.733333 1.766667 1.800000 1.833333 1.866667 1.900000 1.933333 1.966667 2.000000 2.033333 2.066667 2.100000
2.133333 2.166667 2.200000 2.233333 2.266667</float_array>
        <technique_common>
          <accessor source="#mixamorig_Spine1-Matrix-animation-input-array" count="69">
            <param name="TIME" type="float"/>
          </accessor>
        </technique_common>
      </source>
      <source id="mixamorig_Spine1-Matrix-animation-output-transform">
        <float_array id="mixamorig_Spine1-Matrix-animation-output-transform-array" count="1104">

0.998870 -0.040274 0.025250 0.000000 0.040810 0.998944 -0.021090 0.190800 -0.024374 0.022097 0.999459 0.000000 0.000000 0.000000 0.000000 1.000000
0.999190 -0.032061 0.024335 0.000000 0.032657 0.999165 -0.024538 0.190800 -0.023528 0.025312 0.999403 0.000000 0.000000 0.000000 0.000000 1.000000
0.999444 -0.025465 0.021511 0.000000 0.026282 0.998910 -0.038581 0.190800 -0.020505 0.039124 0.999024 0.000000 0.000000 0.000000 0.000000 1.000000
0.999586 -0.021060 0.019588 0.000000 0.022004 0.998540 -0.049325 0.190800 -0.018520 0.049735 0.998591 0.000000 0.000000 0.000000 0.000000 1.000000
0.999856 -0.008993 0.014409 0.000000 0.009553 0.999184 -0.039239 0.190800 -0.014044 0.039371 0.999126 0.000000 0.000000 0.000000 0.000000 1.000000
0.999828 0.007595 0.016926 0.000000 -0.007229 0.999741 -0.021595 0.190800 -0.017085 0.021469 0.999624 -0.000000 0.000000 0.000000 0.000000 1.000000
0.999716 0.015093 0.018454 0.000000 -0.015054 0.999884 -0.002207 0.190800 -0.018485 0.001929 0.999827 0.000000 0.000000 0.000000 0.000000 1.000000
0.999650 0.018746 0.018667 0.000000 -0.019086 0.999652 0.018196 0.190800 -0.018320 -0.018546 0.999660 -0.000000 0.000000 0.000000 0.000000 1.000000
0.999658 0.018894 0.018093 -0.000000 -0.019526 0.999182 0.035419 0.190800 -0.017409 -0.035760 0.999209 0.000000 0.000000 0.000000 0.000000 1.000000
0.999712 0.016583 0.017356 0.000000 -0.017404 0.998681 0.048299 0.190800 -0.016533 -0.048587 0.998682 0.000000 0.000000 0.000000 0.000000 1.000000
0.999775 0.013222 0.016559 -0.000000 -0.014189 0.998115 0.059700 0.190800 -0.015739 -0.059922 0.998079 -0.000000 0.000000 0.000000 0.000000 1.000000
0.999834 0.009203 0.015703 0.000000 -0.010271 0.997540 0.069342 0.190800 -0.015027 -0.069492 0.997469 -0.000000 0.000000 0.000000 0.000000 1.000000
0.999879 0.004919 0.014791 -0.000000 -0.006043 0.997017 0.076943 0.190800 -0.014368 -0.077023 0.996926 0.000000 0.000000 0.000000 0.000000 1.000000
0.999904 0.000760 0.013822 0.000000 -0.001895 0.996612 0.082228 0.190800 -0.013713 -0.082246 0.996518 0.000000 0.000000 0.000000 0.000000 1.000000
0.999914 -0.002880 0.012800 0.000000 0.001783 0.996386 0.084920 0.190800 -0.012999 -0.084890 0.996306 0.000000 0.000000 0.000000 0.000000 1.000000
0.999915 -0.005612 0.011726 0.000000 0.004599 0.996392 0.084746 0.190800 -0.012160 -0.084685 0.996334 0.000000 0.000000 0.000000 0.000000 1.000000
0.999924 -0.006071 0.010764 -0.000000 0.005203 0.996866 0.078939 0.190800 -0.011210 -0.078877 0.996821 0.000000 0.000000 0.000000 0.000000 1.000000
0.999933 -0.006268 0.009777 0.000000 0.005549 0.997396 0.071900 0.190800 -0.010202 -0.071841 0.997364 0.000000 0.000000 0.000000 0.000000 1.000000
0.999942 -0.006206 0.008775 0.000000 0.005634 0.997947 0.063795 0.190800 -0.009153 -0.063742 0.997924 0.000000 0.000000 0.000000 0.000000 1.000000
0.999952 -0.005889 0.007769 0.000000 0.005454 0.998483 0.054791 0.190800 -0.008080 -0.054746 0.998468 0.000000 0.000000 0.000000 0.000000 1.000000
0.999963 -0.005320 0.006772 -0.000000 0.005009 0.998972 0.045054 0.190800 -0.007004 -0.045019 0.998962 0.000000 0.000000 0.000000 0.000000 1.000000
0.999973 -0.004502 0.005793 -0.000000 0.004298 0.999387 0.034753 0.190800 -0.005946 -0.034727 0.999379 -0.000000 0.000000 0.000000 0.000000 1.000000
0.999982 -0.003440 0.004844 0.000000 0.003323 0.999705 0.024054 0.190800 -0.004925 -0.024038 0.999699 -0.000000 0.000000 0.000000 0.000000 1.000000
0.999990 -0.001943 0.003974 0.000000 0.001890 0.999910 0.013284 0.190800 -0.004000 -0.013276 0.999904 0.000000 0.000000 0.000000 0.000000 1.000000
0.999995 -0.000074 0.003053 0.000000 0.000067 0.999998 0.002068 0.190800 -0.003053 -0.002067 0.999993 -0.000000 0.000000 0.000000 0.000000 1.000000
0.999996 0.001939 0.002076 0.000000 -0.001919 0.999953 -0.009498 0.190800 -0.002094 0.009494 0.999953 0.000000 0.000000 0.000000 0.000000 1.000000
0.999991 0.004075 0.001138 -0.000000 -0.004050 0.999773 -0.020928 0.190800 -0.001223 0.020923 0.999780 -0.000000 0.000000 0.000000 0.000000 1.000000
0.999980 0.006315 0.000333 0.000000 -0.006301 0.999476 -0.031739 0.190800 -0.000533 0.031736 0.999496 0.000000 0.000000 0.000000 0.000000 1.000000
0.999963 0.008640 -0.000243 0.000000 -0.008643 0.999103 -0.041449 0.190800 -0.000115 0.041449 0.999141 0.000000 0.000000 0.000000 0.000000 1.000000
0.999939 0.011031 -0.000497 0.000000 -0.011042 0.998709 -0.049577 0.190800 -0.000050 0.049579 0.998770 0.000000 0.000000 0.000000 0.000000 1.000000
0.999909 0.013469 -0.000333 -0.000000 -0.013467 0.998360 -0.055647 0.190800 -0.000417 0.055646 0.998450 0.000000 0.000000 0.000000 0.000000 1.000000
0.999873 0.015952 0.000530 0.000000 -0.015893 0.998148 -0.058719 0.190800 -0.001466 0.058703 0.998274 0.000000 0.000000 0.000000 0.000000 1.000000
0.999827 0.018496 0.002113 0.000000 -0.018339 0.998096 -0.058882 0.190800 -0.003198 0.058833 0.998263 0.000000 0.000000 0.000000 0.000000 1.000000
0.999769 0.021111 0.004119 -0.000000 -0.020841 0.998146 -0.057195 0.190800 -0.005319 0.057096 0.998355 0.000000 0.000000 0.000000 0.000000 1.000000
0.999697 0.023806 0.006253 0.000000 -0.023429 0.998227 -0.054714 0.190800 -0.007544 0.054551 0.998482 0.000000 0.000000 0.000000 0.000000 1.000000
0.999613 0.026591 0.008217 -0.000000 -0.026124 0.998279 -0.052496 0.190800 -0.009599 0.052261 0.998587 0.000000 0.000000 0.000000 0.000000 1.000000
0.999518 0.029474 0.009716 -0.000000 -0.028935 0.998249 -0.051591 0.190800 -0.011220 0.051285 0.998621 0.000000 0.000000 0.000000 0.000000 1.000000
0.999418 0.032466 0.010455 -0.000000 -0.031868 0.998083 -0.053048 0.190800 -0.012157 0.052684 0.998537 -0.000000 0.000000 0.000000 0.000000 1.000000
0.999323 0.035323 0.010277 -0.000000 -0.034679 0.997754 -0.057310 0.190800 -0.012278 0.056915 0.998304 0.000000 0.000000 0.000000 0.000000 1.000000
0.999266 0.037053 0.009697 0.000000 -0.036381 0.997408 -0.062082 0.190800 -0.011972 0.061684 0.998024 0.000000 0.000000 0.000000 0.000000 1.000000
0.999215 0.038704 0.008484 0.000000 -0.038034 0.996926 -0.068503 0.190800 -0.011109 0.068126 0.997615 0.000000 0.000000 0.000000 0.000000 1.000000
0.999113 0.041636 0.006260 0.000000 -0.041018 0.996083 -0.078330 0.190800 -0.009497 0.078004 0.996908 0.000000 0.000000 0.000000 0.000000 1.000000
0.998882 0.047202 0.002653 0.000000 -0.046749 0.994540 -0.093295 0.190800 -0.007042 0.093067 0.995635 0.000000 0.000000 0.000000 0.000000 1.000000
0.998240 0.059158 -0.004114 -0.000000 -0.059223 0.990995 -0.120093 0.190800 -0.003028 0.120125 0.992754 -0.000000 0.000000 0.000000 0.000000 1.000000
0.997064 0.075484 -0.012870 0.000000 -0.076567 0.984955 -0.154922 0.190800 0.000982 0.155453 0.987843 0.000000 0.000000 0.000000 0.000000 1.000000
0.995685 0.090457 -0.020701 -0.000000 -0.092736 0.977941 -0.187167 0.190800 0.003314 0.188279 0.982110 0.000000 0.000000 0.000000 0.000000 1.000000
0.994753 0.099037 -0.025656 0.000000 -0.102221 0.972369 -0.209880 0.190800 0.004161 0.211401 0.977391 0.000000 0.000000 0.000000 0.000000 1.000000
0.995095 0.095601 -0.025427 0.000000 -0.098840 0.971475 -0.215563 0.190800 0.004094 0.217018 0.976159 -0.000000 0.000000 0.000000 0.000000 1.000000
0.997731 0.066015 -0.013260 -0.000000 -0.067318 0.982173 -0.175513 0.190800 0.001437 0.176007 0.984388 -0.000000 0.000000 0.000000 0.000000 1.000000
0.999922 0.011315 0.005212 -0.000000 -0.010673 0.993873 -0.110009 0.190800 -0.006425 0.109945 0.993917 0.000000 0.000000 0.000000 0.000000 1.000000
0.999159 -0.025066 0.032436 0.000000 0.026874 0.998037 -0.056567 0.190800 -0.030955 0.057391 0.997872 -0.000000 0.000000 0.000000 0.000000 1.000000
0.997054 -0.029508 0.070796 0.000000 0.031157 0.999266 -0.022293 0.190800 -0.070086 0.024433 0.997242 0.000000 0.000000 0.000000 0.000000 1.000000
0.993612 -0.027631 0.109416 0.000000 0.027203 0.999615 0.005402 0.190800 -0.109523 -0.002391 0.993981 -0.000000 0.000000 0.000000 0.000000 1.000000
0.989791 -0.025248 0.140273 -0.000000 0.022361 0.999505 0.022120 0.190800 -0.140762 -0.018758 0.989866 -0.000000 0.000000 0.000000 0.000000 1.000000
0.988795 -0.028290 0.146572 0.000000 0.026577 0.999554 0.013636 0.190800 -0.146893 -0.009588 0.989106 -0.000000 0.000000 0.000000 0.000000 1.000000
0.988859 -0.030762 0.145644 0.000000 0.029834 0.999518 0.008554 0.190800 -0.145837 -0.004113 0.989300 0.000000 0.000000 0.000000 0.000000 1.000000
0.991445 -0.032286 0.126465 0.000000 0.031838 0.999478 0.005564 0.190800 -0.126579 -0.001490 0.991955 0.000000 0.000000 0.000000 0.000000 1.000000
0.994542 -0.033472 0.098826 0.000000 0.033405 0.999439 0.002337 0.190800 -0.098849 0.000977 0.995102 -0.000000 0.000000 0.000000 0.000000 1.000000
0.997063 -0.034427 0.068413 0.000000 0.034569 0.999402 -0.000899 0.190800 -0.068341 0.003262 0.997657 0.000000 0.000000 0.000000 0.000000 1.000000
0.998538 -0.035249 0.040988 0.000000 0.035441 0.999364 -0.003960 0.190800 -0.040823 0.005407 0.999152 -0.000000 0.000000 0.000000 0.000000 1.000000
0.999101 -0.036035 0.022346 0.000000 0.036193 0.999322 -0.006725 0.190800 -0.022088 0.007528 0.999728 0.000000 0.000000 0.000000 0.000000 1.000000
0.999223 -0.036763 0.014238 0.000000 0.036898 0.999275 -0.009365 0.190800 -0.013883 0.009883 0.999855 0.000000 0.000000 0.000000 0.000000 1.000000
0.999219 -0.037365 0.012833 0.000000 0.037519 0.999224 -0.011972 0.190800 -0.012376 0.012444 0.999846 0.000000 0.000000 0.000000 0.000000 1.000000
0.999162 -0.037872 0.015540 0.000000 0.038095 0.999171 -0.014333 0.190800 -0.014984 0.014912 0.999777 0.000000 0.000000 0.000000 0.000000 1.000000
0.999070 -0.038314 0.019767 0.000000 0.038637 0.999121 -0.016234 0.190800 -0.019128 0.016983 0.999673 0.000000 0.000000 0.000000 0.000000 1.000000
0.998987 -0.038721 0.022924 0.000000 0.039126 0.999081 -0.017475 0.190800 -0.022226 0.018354 0.999584 0.000000 0.000000 0.000000 0.000000 1.000000
0.998925 -0.038577 0.025691 -0.000000 0.039044 0.999077 -0.017925 0.190800 -0.024976 0.018909 0.999509 -0.000000 0.000000 0.000000 0.000000 1.000000
0.998955 -0.037729 0.025800 0.000000 0.038262 0.999058 -0.020482 0.190800 -0.025003 0.021448 0.999457 0.000000 0.000000 0.000000 0.000000 1.000000
0.998950 -0.036988 0.027047 0.000000 0.037642 0.999001 -0.024070 0.190800 -0.026130 0.025063 0.999344 0.000000 0.000000 0.000000 0.000000 1.000000</float_array>
        <technique_common>
          <accessor source="#mixamorig_Spine1-Matrix-animation-output-transform-array" count="69" stride="16">
            <param type="float4x4"/>
          </accessor>
        </technique_common>
      </source>
      <source id="mixamorig_Spine1-Interpolations">
        <Name_array id="mixamorig_Spine1-Interpolations-array" count="69">
 LINEAR LINEAR LINEAR LINEAR LINEAR LINEAR LINEAR LINEAR LINEAR LINEAR LINEAR
LINEAR LINEAR LINEAR LINEAR LINEAR LINEAR LINEAR LINEAR LINEAR LINEAR LINEAR LINEAR
LINEAR LINEAR LINEAR LINEAR LINEAR LINEAR LINEAR LINEAR LINEAR LINEAR LINEAR LINEAR
LINEAR LINEAR LINEAR LINEAR LINEAR LINEAR LINEAR LINEAR LINEAR LINEAR LINEAR LINEAR
LINEAR LINEAR LINEAR LINEAR LINEAR LINEAR LINEAR LINEAR LINEAR LINEAR LINEAR LINEAR
LINEAR LINEAR LINEAR LINEAR LINEAR LINEAR LINEAR LINEAR LINEAR LINEAR</Name_array>
        <technique_common>
          <accessor source="#mixamorig_Spine1-Interpolations-array" count="69">
            <param type="name"/>
          </accessor>
        </technique_common>
      </source>
      <sampler id="mixamorig_Spine1-Matrix-animation-transform">
        <input semantic="INPUT" source="#mixamorig_Spine1-Matrix-animation-input"/>
        <input semantic="OUTPUT" source="#mixamorig_Spine1-Matrix-animation-output-transform"/>
        <input semantic="INTERPOLATION" source="#mixamorig_Spine1-Interpolations"/>
      </sampler>
      <channel source="#mixamorig_Spine1-Matrix-animation-transform" target="mixamorig_Spine1/matrix"/>
    </animation>
    <animation id="mixamorig_Spine2-anim" name="mixamorig_Spine2">
      <source id="mixamorig_Spine2-Matrix-animation-input">
        <float_array id="mixamorig_Spine2-Matrix-animation-input-array" count="69">

0.000000 0.033333 0.066667 0.100000 0.133333 0.166667 0.200000 0.233333 0.266667 0.300000 0.333333 0.366667 0.400000 0.433333 0.466667 0.500000
0.533333 0.566667 0.600000 0.633333 0.666667 0.700000 0.733333 0.766667 0.800000 0.833333 0.866667 0.900000 0.933333 0.966667 1.000000 1.033333
