<?xml version="1.0" encoding="utf-8"?>
<COLLADA xmlns="http://www.collada.org/2005/11/COLLADASchema" version="1.4.1">
  <asset>
    <contributor>
      <author>Mixamo</author>
      <authoring_tool>COLLADA Mixamo exporter</authoring_tool>
      <comments/>
    </contributor>
    <created>2024-09-10T21:00:46Z</created>
    <modified>2024-09-10T21:00:46Z</modified>
    <revision/>
    <title/>
    <unit meter="0.010000"/>
    <up_axis>Y_UP</up_axis>
  </asset>
  <library_animations>
    <animation id="mixamorig_Hips-anim" name="mixamorig_Hips">
      <source id="mixamorig_Hips-Matrix-animation-input">
        <float_array id="mixamorig_Hips-Matrix-animation-input-array" count="112">

0.000000 0.033333 0.066667 0.100000 0.133333 0.166667 0.200000 0.233333 0.266667 0.300000 0.333333 0.366667 0.400000 0.433333 0.466667 0.500000
0.533333 0.566667 0.600000 0.633333 0.666667 0.700000 0.733333 0.766667 0.800000 0.833333 0.866667 0.900000 0.933333 0.966667 1.000000 1.033333
1.066667 1.100000 1.133333 1.166667 1.200000 1.233333 1.266667 1.300000 1.333333 1.366667 1.400000 1.433333 1.466667 1.500000 1.533333 1.566667
1.600000 1.633333 1.666667 1.700000 1.733333 1.766667 1.800000 1.833333 1.866667 1.900000 1.933333 1.966667 2.000000 2.033333 2.066667 2.100000
2.133333 2.166667 2.200000 2.233333 2.266667 2.300000 2.333333 2.366667 2.400000 2.433333 2.466667 2.500000 2.533333 2.566667 2.600000 2.633333
2.666667 2.700000 2.733333 2.766667 2.800000 2.833333 2.866667 2.900000 2.933333 2.966667 3.000000 3.033333 3.066667 3.100000 3.133333 3.166667
3.200000 3.233333 3.266667 3.300000 3.333333 3.366667 3.400000 3.433333 3.466667 3.500000 3.533333 3.566667 3.600000 3.633333 3.666667 3.700000</float_array>
        <technique_common>
          <accessor source="#mixamorig_Hips-Matrix-animation-input-array" count="112">
            <param name="TIME" type="float"/>
          </accessor>
        </technique_common>
      </source>
      <source id="mixamorig_Hips-Matrix-animation-output-transform">
        <float_array id="mixamorig_Hips-Matrix-animation-output-transform-array" count="1792">

0.576752 0.071897 -0.813749 0.565160 0.029717 0.993614 0.108851 73.832825 0.816379 -0.086962 0.570932 -0.360208 0.000000 0.000000 0.000000 1.000000
0.576487 0.075315 -0.813628 0.425726 0.030412 0.993075 0.113474 73.747833 0.816540 -0.090160 0.570204 -0.161047 0.000000 0.000000 0.000000 1.000000
0.576213 0.078097 -0.813560 0.285864 0.031864 0.992521 0.117845 73.651657 0.816678 -0.093827 0.569415 0.039528 0.000000 0.000000 0.000000 1.000000
0.576585 0.074395 -0.813643 0.156072 0.036151 0.992548 0.116372 73.522644 0.816237 -0.096513 0.569599 0.201733 0.000000 0.000000 0.000000 1.000000
0.579300 0.022101 -0.814814 -0.037279 0.038599 0.997767 0.054506 73.506546 0.814200 -0.063026 0.577154 0.164804 0.000000 0.000000 0.000000 1.000000
0.585375 -0.051857 -0.809102 0.006091 0.015317 0.998482 -0.052913 73.503349 0.810618 0.018582 0.585281 -0.204674 0.000000 0.000000 0.000000 1.000000
0.594286 -0.127751 -0.794043 0.399083 -0.014144 0.985491 -0.169138 73.256859 0.804129 0.111748 0.583857 -1.136072 0.000000 0.000000 0.000000 1.000000
0.602760 -0.190676 -0.774805 0.625369 -0.036747 0.963365 -0.265666 72.697182 0.797076 0.188604 0.573671 -2.153450 0.000000 0.000000 0.000000 1.000000
0.605645 -0.229032 -0.762062 0.291620 -0.045867 0.946043 -0.320779 72.074829 0.794412 0.229232 0.562461 -2.658841 0.000000 0.000000 0.000000 1.000000
0.607011 -0.201197 -0.768803 0.042402 -0.056438 0.954063 -0.294242 71.695946 0.792687 0.221998 0.567771 -2.767381 0.000000 0.000000 0.000000 1.000000
0.613631 -0.145898 -0.775997 -0.240274 -0.058350 0.971715 -0.228836 71.365356 0.787434 0.185700 0.587761 -2.648970 0.000000 0.000000 0.000000 1.000000
0.637896 -0.100469 -0.763541 -0.958955 -0.052675 0.983440 -0.173411 70.984093 0.768319 0.150838 0.622040 -2.066318 0.000000 0.000000 0.000000 1.000000
0.683975 -0.071428 -0.726000 -1.794287 -0.049275 0.988399 -0.143667 70.563400 0.727840 0.134038 0.672520 -1.224512 0.000000 0.000000 0.000000 1.000000
0.730212 -0.045860 -0.681680 -2.474384 -0.050155 0.991454 -0.120427 70.122261 0.681377 0.122127 0.721672 -0.491697 0.000000 0.000000 0.000000 1.000000
0.771990 -0.031196 -0.634869 -3.060038 -0.041365 0.994212 -0.099152 69.694542 0.634288 0.102806 0.766231 0.247312 0.000000 0.000000 0.000000 1.000000
0.797610 -0.025214 -0.602646 -3.659774 -0.022451 0.997192 -0.071436 69.471375 0.602755 0.070508 0.794805 1.157094 0.000000 0.000000 0.000000 1.000000
0.808973 -0.019253 -0.587531 -4.020504 -0.005286 0.999185 -0.040022 69.530807 0.587822 0.035482 0.808211 2.089696 0.000000 0.000000 0.000000 1.000000
0.815109 -0.016331 -0.579078 -4.354993 0.012982 0.999866 -0.009924 69.870590 0.579162 0.000571 0.815212 3.322458 0.000000 0.000000 0.000000 1.000000
0.821123 -0.019858 -0.570405 -4.789140 0.032522 0.999399 0.012024 70.240189 0.569823 -0.028424 0.821275 4.455673 0.000000 0.000000 0.000000 1.000000
0.828201 -0.027684 -0.559747 -5.090320 0.049190 0.998515 0.023398 70.594841 0.558268 -0.046912 0.828333 5.438816 0.000000 0.000000 0.000000 1.000000
0.837291 -0.035904 -0.545578 -5.236323 0.057826 0.998060 0.023063 70.891487 0.543691 -0.050859 0.837743 6.247657 0.000000 0.000000 0.000000 1.000000
0.848272 -0.042969 -0.527815 -5.330616 0.062923 0.997820 0.019893 71.044655 0.525810 -0.050086 0.849126 7.062860 0.000000 0.000000 0.000000 1.000000
0.859694 -0.047319 -0.508613 -5.439629 0.067764 0.997465 0.021739 70.960114 0.506295 -0.053154 0.860721 7.900305 0.000000 0.000000 0.000000 1.000000
0.870223 -0.047604 -0.490353 -5.605298 0.070846 0.997068 0.028933 70.524254 0.487538 -0.059918 0.871044 8.767365 0.000000 0.000000 0.000000 1.000000
0.883247 -0.044760 -0.466766 -5.867338 0.072329 0.996525 0.041304 69.889748 0.463296 -0.070242 0.883416 9.664860 0.000000 0.000000 0.000000 1.000000
0.898015 -0.042418 -0.437915 -6.178325 0.074611 0.995607 0.056563 69.068123 0.433592 -0.083468 0.897235 10.611461 0.000000 0.000000 0.000000 1.000000
0.913018 -0.039208 -0.406030 -6.633282 0.076799 0.994092 0.076699 68.181274 0.400624 -0.101210 0.910635 11.611020 0.000000 0.000000 0.000000 1.000000
0.927322 -0.039967 -0.372125 -7.065181 0.081646 0.991937 0.096923 67.247253 0.365251 -0.120261 0.923108 12.629952 0.000000 0.000000 0.000000 1.000000
0.940321 -0.041669 -0.337727 -7.506670 0.085980 0.989365 0.117325 66.203552 0.329246 -0.139361 0.933903 13.579900 0.000000 0.000000 0.000000 1.000000
0.951645 -0.045942 -0.303745 -7.991682 0.091802 0.986103 0.138469 65.049095 0.293162 -0.159658 0.942637 14.516127 0.000000 0.000000 0.000000 1.000000
0.962242 -0.052015 -0.267179 -8.481985 0.098100 0.981877 0.162151 63.715401 0.253903 -0.182239 0.949906 15.515888 0.000000 0.000000 0.000000 1.000000
0.969634 -0.058157 -0.237547 -8.955751 0.104199 0.976983 0.186137 62.195702 0.221254 -0.205237 0.953375 16.509628 0.000000 0.000000 0.000000 1.000000
0.974630 -0.071659 -0.212043 -9.420887 0.114757 0.973354 0.198527 60.426384 0.192166 -0.217824 0.956883 17.561083 0.000000 0.000000 0.000000 1.000000
0.977430 -0.091797 -0.190272 -9.799686 0.130214 0.971012 0.200447 58.302452 0.166356 -0.220699 0.961050 18.772940 0.000000 0.000000 0.000000 1.000000
0.978500 -0.115668 -0.170756 -9.991549 0.147359 0.971352 0.186442 55.701004 0.144299 -0.207596 0.967513 20.111090 0.000000 0.000000 0.000000 1.000000
0.978688 -0.129810 -0.159121 -9.951803 0.157714 0.971386 0.177584 52.736977 0.131515 -0.198894 0.971156 21.583431 0.000000 0.000000 0.000000 1.000000
0.978904 -0.135749 -0.152704 -9.837570 0.160066 0.974015 0.160230 49.115063 0.126985 -0.181293 0.975196 23.048368 0.000000 0.000000 0.000000 1.000000
0.978729 -0.140888 -0.149133 -9.472990 0.162372 0.976264 0.143329 45.275909 0.125400 -0.164495 0.978374 24.461742 0.000000 0.000000 0.000000 1.000000
0.983314 -0.114033 -0.141740 -8.602118 0.133123 0.982077 0.133429 41.144394 0.123984 -0.150072 0.980870 25.634130 0.000000 0.000000 0.000000 1.000000
0.993957 -0.015953 -0.108606 -7.073846 0.030228 0.990909 0.131096 39.152454 0.105528 -0.133586 0.985403 26.728540 0.000000 0.000000 0.000000 1.000000
0.999316 0.013529 -0.034416 -5.015363 -0.009475 0.993281 0.115339 38.858025 0.035745 -0.114934 0.992730 29.063721 0.000000 0.000000 0.000000 1.000000
0.999746 -0.020838 -0.008554 -3.433293 0.021564 0.995135 0.096130 38.086227 0.006509 -0.096290 0.995332 31.360634 0.000000 0.000000 0.000000 1.000000
0.999273 -0.024523 -0.029197 -1.619965 0.026863 0.996218 0.082629 37.683128 0.027060 -0.083353 0.996153 33.563038 0.000000 0.000000 0.000000 1.000000
0.998613 0.017774 -0.049552 0.571520 -0.013317 0.995955 0.088865 37.530418 0.050931 -0.088081 0.994810 35.062382 0.000000 0.000000 0.000000 1.000000
0.996577 0.060152 -0.056707 2.543594 -0.055560 0.995298 0.079347 37.512680 0.061214 -0.075924 0.995233 35.831524 0.000000 0.000000 0.000000 1.000000
0.994601 0.075626 -0.071063 3.971448 -0.073479 0.996772 0.032357 37.586983 0.073280 -0.026961 0.996947 36.277866 0.000000 0.000000 0.000000 1.000000
0.990005 0.087055 -0.110955 4.866620 -0.087261 0.996181 0.003004 37.696045 0.110793 0.006708 0.993821 36.724762 0.000000 0.000000 0.000000 1.000000
0.983052 0.098270 -0.154766 5.388439 -0.103428 0.994307 -0.025614 37.857071 0.151367 0.041187 0.987619 37.109097 0.000000 0.000000 0.000000 1.000000
0.976761 0.108274 -0.184971 5.665534 -0.122100 0.990385 -0.065035 38.083698 0.176151 0.086108 0.980590 37.541317 0.000000 0.000000 0.000000 1.000000
0.972862 0.114671 -0.200973 5.806020 -0.135292 0.986522 -0.092031 38.250301 0.187711 0.116723 0.975264 37.935780 0.000000 0.000000 0.000000 1.000000
0.969861 0.116865 -0.213805 5.773888 -0.142594 0.983747 -0.109123 38.393272 0.197578 0.136321 0.970762 38.341068 0.000000 0.000000 0.000000 1.000000
0.967548 0.117160 -0.223886 5.627201 -0.147203 0.981486 -0.122540 38.491219 0.205384 0.151520 0.966881 38.783958 0.000000 0.000000 0.000000 1.000000
0.966560 0.115807 -0.228802 5.354078 -0.149409 0.979458 -0.135421 38.526989 0.208419 0.165077 0.964008 39.262417 0.000000 0.000000 0.000000 1.000000
0.967481 0.112715 -0.226440 4.944417 -0.149149 0.977248 -0.150803 38.511093 0.204290 0.179672 0.962280 39.648495 0.000000 0.000000 0.000000 1.000000
0.970409 0.107721 -0.216108 4.420339 -0.145727 0.974882 -0.168428 38.472347 0.192537 0.194937 0.961732 40.007500 0.000000 0.000000 0.000000 1.000000
0.974672 0.100988 -0.199537 3.704638 -0.138910 0.972629 -0.186270 38.390900 0.175264 0.209269 0.962023 40.338169 0.000000 0.000000 0.000000 1.000000
0.979585 0.093114 -0.178165 3.109326 -0.129448 0.970236 -0.204657 38.307602 0.153805 0.223542 0.962483 40.669617 0.000000 0.000000 0.000000 1.000000
0.984495 0.084418 -0.153766 2.464551 -0.117924 0.967457 -0.223878 38.227692 0.129863 0.238539 0.962411 40.931961 0.000000 0.000000 0.000000 1.000000
0.988885 0.075477 -0.128100 1.829869 -0.105218 0.963983 -0.244265 38.167259 0.105050 0.255028 0.961210 41.233841 0.000000 0.000000 0.000000 1.000000
0.992444 0.066563 -0.103076 1.094809 -0.092002 0.959520 -0.266189 38.081623 0.081185 0.273660 0.958394 41.461407 0.000000 0.000000 0.000000 1.000000
0.995672 0.056603 -0.073709 0.428506 -0.076063 0.952034 -0.296388 37.960445 0.053397 0.300712 0.952219 41.653244 0.000000 0.000000 0.000000 1.000000
0.998153 0.046292 -0.039336 -0.391344 -0.056757 0.941484 -0.332245 37.786953 0.021654 0.333863 0.942373 41.889271 0.000000 0.000000 0.000000 1.000000
0.999343 0.036169 -0.002173 -1.249786 -0.034387 0.927797 -0.371498 37.579407 -0.011420 0.371329 0.928431 42.236847 0.000000 0.000000 0.000000 1.000000
0.998442 0.025992 0.049377 -2.216957 -0.002981 0.908476 -0.417925 37.254768 -0.055721 0.417127 0.907138 42.669270 0.000000 0.000000 0.000000 1.000000
0.993589 0.016600 0.111829 -3.146767 0.037933 0.882867 -0.468088 36.778000 -0.106501 0.469330 0.876577 43.149448 0.000000 0.000000 0.000000 1.000000
0.984159 0.009062 0.177055 -3.956426 0.086096 0.848590 -0.521999 36.213810 -0.154978 0.528974 0.834367 43.820717 0.000000 0.000000 0.000000 1.000000
0.972109 0.003617 0.234503 -4.765909 0.136203 0.805281 -0.577036 35.688026 -0.190928 0.592882 0.782328 44.956791 0.000000 0.000000 0.000000 1.000000
0.959210 -0.000485 0.282693 -5.656243 0.185491 0.755705 -0.628095 34.916000 -0.213327 0.654912 0.724970 46.360325 0.000000 0.000000 0.000000 1.000000
0.948476 -0.003393 0.316831 -6.538649 0.229229 0.697670 -0.678757 33.611259 -0.218741 0.716411 0.662501 48.045322 0.000000 0.000000 0.000000 1.000000
0.940826 -0.005080 0.338852 -7.378245 0.269371 0.617931 -0.738648 31.450630 -0.205634 0.786216 0.582734 50.087528 0.000000 0.000000 0.000000 1.000000
0.934141 -0.002169 0.356899 -8.009023 0.305024 0.524072 -0.795178 29.427135 -0.185316 0.851671 0.490219 52.073254 0.000000 0.000000 0.000000 1.000000
0.927901 0.003027 0.372815 -8.763082 0.337899 0.415758 -0.844375 27.300198 -0.157557 0.909470 0.384760 54.380135 0.000000 0.000000 0.000000 1.000000
0.922659 0.011048 0.385458 -9.295088 0.365519 0.293431 -0.883343 24.711872 -0.122864 0.955916 0.266699 57.324081 0.000000 0.000000 0.000000 1.000000
0.910380 0.015317 0.413489 -9.818984 0.405493 0.165894 -0.898919 21.872921 -0.082364 0.986025 0.144816 60.518257 0.000000 0.000000 0.000000 1.000000
0.894348 0.017157 0.447042 -9.970695 0.446569 0.025564 -0.894384 19.423586 -0.026773 0.999526 0.015201 64.080177 0.000000 0.000000 0.000000 1.000000
0.889774 -0.002715 0.456393 -10.093357 0.454152 -0.093886 -0.885964 19.408913 0.045254 0.995579 -0.082304 67.762688 0.000000 0.000000 0.000000 1.000000
0.891452 -0.020546 0.452650 -10.260935 0.442690 -0.173572 -0.879715 21.726892 0.096641 0.984607 -0.145636 70.853821 0.000000 0.000000 0.000000 1.000000
0.908370 -0.009361 0.418062 -9.868040 0.411284 -0.160641 -0.897240 25.138422 0.075557 0.986969 -0.142071 73.083282 0.000000 0.000000 0.000000 1.000000
0.921172 0.008552 0.389061 -9.010364 0.386130 -0.144497 -0.911057 28.038403 0.048427 0.989468 -0.136409 74.722900 0.000000 0.000000 0.000000 1.000000
0.930661 0.022993 0.365160 -8.232098 0.364183 -0.154292 -0.918458 29.714855 0.035223 0.987758 -0.151967 76.104713 0.000000 0.000000 0.000000 1.000000
0.936752 0.033057 0.348430 -7.712589 0.348874 -0.167796 -0.922026 30.667871 0.027985 0.985267 -0.168716 77.167114 0.000000 0.000000 0.000000 1.000000
0.942960 0.045292 0.329810 -7.146818 0.332281 -0.188695 -0.924112 30.927067 0.020379 0.980991 -0.192981 78.035995 0.000000 0.000000 0.000000 1.000000
0.949076 0.055858 0.310055 -6.635692 0.314788 -0.207989 -0.926093 30.676472 0.012758 0.976535 -0.214981 78.157867 0.000000 0.000000 0.000000 1.000000
0.954121 0.066415 0.291964 -5.836149 0.299411 -0.220146 -0.928380 29.774300 0.002616 0.973203 -0.229931 77.707695 0.000000 0.000000 0.000000 1.000000
0.957241 0.081651 0.277529 -5.103371 0.288828 -0.215499 -0.932812 28.271435 -0.016357 0.973084 -0.229868 76.856255 0.000000 0.000000 0.000000 1.000000
0.958125 0.091960 0.271183 -4.768345 0.284019 -0.184558 -0.940889 25.858685 -0.036475 0.978510 -0.202948 75.443153 0.000000 0.000000 0.000000 1.000000
0.961763 0.075682 0.263220 -5.896575 0.271120 -0.126894 -0.954144 25.260088 -0.038811 0.989025 -0.142561 75.468163 0.000000 0.000000 0.000000 1.000000
0.968545 0.039307 0.245713 -6.588999 0.247789 -0.061835 -0.966839 23.777985 -0.022810 0.997312 -0.069630 75.233856 0.000000 0.000000 0.000000 1.000000
0.974966 0.009651 0.222144 -6.314537 0.222218 -0.007310 -0.974970 21.824936 -0.007785 0.999927 -0.009272 75.127945 0.000000 0.000000 0.000000 1.000000
0.978950 -0.000013 0.204102 -5.804496 0.204097 0.007557 -0.978922 19.492790 -0.001530 0.999971 0.007400 75.244057 0.000000 0.000000 0.000000 1.000000
0.979529 0.001950 0.201294 -5.085745 0.201302 -0.005938 -0.979511 18.544750 -0.000715 0.999980 -0.006208 75.852646 0.000000 0.000000 0.000000 1.000000
0.978320 0.002980 0.207076 -5.142022 0.207087 -0.003844 -0.978315 19.666348 -0.002119 0.999988 -0.004377 76.274673 0.000000 0.000000 0.000000 1.000000
0.976253 0.008881 0.216453 -5.633852 0.216311 0.014680 -0.976214 20.126251 -0.011847 0.999853 0.012410 76.258705 0.000000 0.000000 0.000000 1.000000
0.972986 0.032306 0.228594 -6.167791 0.228549 0.005148 -0.973519 20.089153 -0.032627 0.999465 -0.002375 75.968300 0.000000 0.000000 0.000000 1.000000
0.970609 0.049025 0.235616 -6.497151 0.236420 -0.011224 -0.971586 19.848221 -0.044987 0.998735 -0.022484 75.544968 0.000000 0.000000 0.000000 1.000000
0.971113 0.051370 0.233023 -6.567719 0.234439 -0.023445 -0.971848 19.537441 -0.044461 0.998404 -0.034811 75.432037 0.000000 0.000000 0.000000 1.000000
0.972498 0.047055 0.228109 -6.383816 0.229644 -0.030245 -0.972805 19.057064 -0.038876 0.998434 -0.040219 75.729179 0.000000 0.000000 0.000000 1.000000
0.974168 0.040120 0.222232 -6.164594 0.223635 -0.034697 -0.974055 18.555378 -0.031369 0.998592 -0.042774 76.070122 0.000000 0.000000 0.000000 1.000000
0.975866 0.031989 0.216014 -6.043469 0.217135 -0.037132 -0.975435 18.071003 -0.023182 0.998798 -0.043182 76.162544 0.000000 0.000000 0.000000 1.000000
0.977380 0.024264 0.210094 -5.911938 0.210904 -0.037866 -0.976773 18.133673 -0.015745 0.998988 -0.042127 76.284622 0.000000 0.000000 0.000000 1.000000
0.978649 0.018465 0.204706 -5.799053 0.205273 -0.037256 -0.977995 18.195122 -0.010432 0.999135 -0.040251 76.319427 0.000000 0.000000 0.000000 1.000000
0.979539 0.017268 0.200512 -5.727262 0.200996 -0.033573 -0.979016 18.152136 -0.010174 0.999287 -0.036357 76.289238 0.000000 0.000000 0.000000 1.000000
0.979955 0.018391 0.198367 -5.730001 0.198803 -0.026072 -0.979693 18.132652 -0.012845 0.999491 -0.029206 76.224396 0.000000 0.000000 0.000000 1.000000
0.979625 0.019701 0.199869 -5.762903 0.200280 -0.021773 -0.979497 18.113785 -0.014946 0.999569 -0.025275 76.167511 0.000000 0.000000 0.000000 1.000000
0.978755 0.021258 0.203927 -5.821229 0.204366 -0.021076 -0.978668 18.121922 -0.016507 0.999552 -0.024972 76.122993 0.000000 0.000000 0.000000 1.000000
0.977871 0.022778 0.207967 -5.892830 0.208433 -0.020460 -0.977823 18.131397 -0.018018 0.999531 -0.024755 76.096878 0.000000 0.000000 0.000000 1.000000
0.977292 0.024107 0.210521 -5.944967 0.211013 -0.020065 -0.977277 18.118689 -0.019335 0.999508 -0.024696 76.088562 0.000000 0.000000 0.000000 1.000000
0.976912 0.025244 0.212144 -5.969291 0.212658 -0.019775 -0.976927 18.085909 -0.020466 0.999486 -0.024687 76.084610 0.000000 0.000000 0.000000 1.000000
0.976908 0.025429 0.212141 -5.977856 0.212655 -0.019552 -0.976932 18.060629 -0.020694 0.999485 -0.024508 76.086189 0.000000 0.000000 0.000000 1.000000
0.977264 0.024780 0.210574 -5.959252 0.211068 -0.019363 -0.977280 18.041819 -0.020140 0.999505 -0.024153 76.090530 0.000000 0.000000 0.000000 1.000000
0.977613 0.023793 0.209062 -5.926199 0.209532 -0.019297 -0.977611 18.055384 -0.019227 0.999531 -0.023850 76.097649 0.000000 0.000000 0.000000 1.000000
0.977880 0.022870 0.207912 -5.891666 0.208359 -0.019293 -0.977862 18.056442 -0.018353 0.999552 -0.023632 76.111336 0.000000 0.000000 0.000000 1.000000</float_array>
        <technique_common>
          <accessor source="#mixamorig_Hips-Matrix-animation-output-transform-array" count="112" stride="16">
            <param type="float4x4"/>
          </accessor>
        </technique_common>
      </source>
      <source id="mixamorig_Hips-Interpolations">
        <Name_array id="mixamorig_Hips-Interpolations-array" count="112">
 LINEAR LINEAR LINEAR LINEAR LINEAR LINEAR LINEAR LINEAR LINEAR LINEAR LINEAR
LINEAR LINEAR LINEAR LINEAR LINEAR LINEAR LINEAR LINEAR LINEAR LINEAR LINEAR LINEAR
LINEAR LINEAR LINEAR LINEAR LINEAR LINEAR LINEAR LINEAR LINEAR LINEAR LINEAR LINEAR
LINEAR LINEAR LINEAR LINEAR LINEAR LINEAR LINEAR LINEAR LINEAR LINEAR LINEAR LINEAR
LINEAR LINEAR LINEAR LINEAR LINEAR LINEAR LINEAR LINEAR LINEAR LINEAR LINEAR LINEAR
LINEAR LINEAR LINEAR LINEAR LINEAR LINEAR LINEAR LINEAR LINEAR LINEAR LINEAR LINEAR
LINEAR LINEAR LINEAR LINEAR LINEAR LINEAR LINEAR LINEAR LINEAR LINEAR LINEAR LINEAR
LINEAR LINEAR LINEAR LINEAR LINEAR LINEAR LINEAR LINEAR LINEAR LINEAR LINEAR LINEAR
LINEAR LINEAR LINEAR LINEAR LINEAR LINEAR LINEAR LINEAR LINEAR LINEAR LINEAR LINEAR
LINEAR LINEAR LINEAR LINEAR LINEAR</Name_array>
        <technique_common>
          <accessor source="#mixamorig_Hips-Interpolations-array" count="112">
            <param type="name"/>
          </accessor>
        </technique_common>
      </source>
      <sampler id="mixamorig_Hips-Matrix-animation-transform">
        <input semantic="INPUT" source="#mixamorig_Hips-Matrix-animation-input"/>
        <input semantic="OUTPUT" source="#mixamorig_Hips-Matrix-animation-output-transform"/>
        <input semantic="INTERPOLATION" source="#mixamorig_Hips-Interpolations"/>
      </sampler>
      <channel source="#mixamorig_Hips-Matrix-animation-transform" target="mixamorig_Hips/matrix"/>
    </animation>
    <animation id="mixamorig_Spine-anim" name="mixamorig_Spine">
      <source id="mixamorig_Spine-Matrix-animation-input">
        <float_array id="mixamorig_Spine-Matrix-animation-input-array" count="112">

0.000000 0.033333 0.066667 0.100000 0.133333 0.166667 0.200000 0.233333 0.266667 0.300000 0.333333 0.366667 0.400000 0.433333 0.466667 0.500000
0.533333 0.566667 0.600000 0.633333 0.666667 0.700000 0.733333 0.766667 0.800000 0.833333 0.866667 0.900000 0.933333 0.966667 1.000000 1.033333
1.066667 1.100000 1.133333 1.166667 1.200000 1.233333 1.266667 1.300000 1.333333 1.366667 1.400000 1.433333 1.466667 1.500000 1.533333 1.566667
1.600000 1.633333 1.666667 1.700000 1.733333 1.766667 1.800000 1.833333 1.866667 1.900000 1.933333 1.966667 2.000000 2.033333 2.066667 2.100000
2.133333 2.166667 2.200000 2.233333 2.266667 2.300000 2.333333 2.366667 2.400000 2.433333 2.466667 2.500000 2.533333 2.566667 2.600000 2.633333
2.666667 2.700000 2.733333 2.766667 2.800000 2.833333 2.866667 2.900000 2.933333 2.966667 3.000000 3.033333 3.066667 3.100000 3.133333 3.166667
3.200000 3.233333 3.266667 3.300000 3.333333 3.366667 3.400000 3.433333 3.466667 3.500000 3.533333 3.566667 3.600000 3.633333 3.666667 3.700000</float_array>
        <technique_common>
          <accessor source="#mixamorig_Spine-Matrix-animation-input-array" count="112">
            <param name="TIME" type="float"/>
          </accessor>
        </technique_common>
      </source>
      <source id="mixamorig_Spine-Matrix-animation-output-transform">
        <float_array id="mixamorig_Spine-Matrix-animation-output-transform-array" count="1792">

0.999888 -0.013192 0.007006 0.000000 0.013824 0.994938 -0.099532 12.667600 -0.005658 0.099618 0.995010 0.098400 0.000000 0.000000 0.000000 1.000000
0.999848 -0.015643 0.007691 0.000000 0.016323 0.995026 -0.098270 12.667600 -0.006115 0.098381 0.995130 0.098400 0.000000 0.000000 0.000000 1.000000
0.999823 -0.016982 0.008101 0.000000 0.017696 0.995005 -0.098247 12.667600 -0.006393 0.098373 0.995129 0.098400 0.000000 0.000000 0.000000 1.000000
0.999908 -0.011776 0.006679 -0.000000 0.012408 0.994478 -0.104205 12.667600 -0.005415 0.104278 0.994533 0.098400 0.000000 0.000000 0.000000 1.000000
0.999995 -0.003289 -0.000060 0.000000 0.003254 0.991675 -0.128726 12.667600 0.000483 0.128725 0.991680 0.098400 0.000000 0.000000 0.000000 1.000000
0.999901 0.008683 -0.011102 0.000000 -0.010354 0.986947 -0.160710 12.667600 0.009562 0.160809 0.986939 0.098400 0.000000 0.000000 0.000000 1.000000
0.999457 0.024418 -0.022145 0.000000 -0.028363 0.979341 -0.200218 12.667600 0.016799 0.200738 0.979501 0.098400 0.000000 0.000000 0.000000 1.000000
0.998394 0.047049 -0.031563 0.000000 -0.053303 0.968838 -0.241892 12.667600 0.019198 0.243185 0.969790 0.098400 0.000000 0.000000 0.000000 1.000000
0.996754 0.070359 -0.039123 0.000000 -0.078516 0.956971 -0.279359 12.667600 0.017784 0.281524 0.959389 0.098400 0.000000 0.000000 0.000000 1.000000
0.995049 0.090832 -0.040334 -0.000000 -0.098875 0.945806 -0.309313 12.667600 0.010052 0.311770 0.950105 0.098400 0.000000 0.000000 0.000000 1.000000
0.993571 0.107017 -0.036929 -0.000000 -0.113204 0.935944 -0.333458 12.667600 -0.001122 0.335494 0.942042 0.098400 0.000000 0.000000 0.000000 1.000000
0.993089 0.113991 -0.027937 0.000000 -0.116753 0.935252 -0.334174 12.667600 -0.011965 0.335126 0.942097 0.098400 0.000000 0.000000 0.000000 1.000000
0.993221 0.115397 -0.014002 0.000000 -0.113761 0.940162 -0.321175 12.667600 -0.023898 0.320590 0.946916 0.098400 0.000000 0.000000 0.000000 1.000000
0.993495 0.113733 0.005755 0.000000 -0.106389 0.944988 -0.309320 12.667600 -0.040618 0.306696 0.950941 0.098400 0.000000 0.000000 0.000000 1.000000
0.993929 0.108346 0.019126 -0.000000 -0.097709 0.949169 -0.299218 12.667600 -0.050572 0.295533 0.953993 0.098400 0.000000 0.000000 0.000000 1.000000
0.994528 0.101660 0.024085 0.000000 -0.090492 0.953438 -0.287693 12.667600 -0.052210 0.283939 0.957420 0.098400 0.000000 0.000000 0.000000 1.000000
0.995145 0.094664 0.026940 -0.000000 -0.083681 0.957874 -0.274728 12.667600 -0.051812 0.271140 0.961145 0.098400 0.000000 0.000000 0.000000 1.000000
0.995876 0.085237 0.031083 0.000000 -0.074107 0.961858 -0.263320 12.667600 -0.052342 0.259930 0.964208 0.098400 0.000000 0.000000 0.000000 1.000000
0.996600 0.073715 0.036813 0.000000 -0.061968 0.965013 -0.254776 12.667600 -0.054306 0.251628 0.966299 0.098400 0.000000 0.000000 0.000000 1.000000
0.997165 0.063103 0.040992 0.000000 -0.051075 0.967631 -0.247148 12.667600 -0.055261 0.244354 0.968110 0.098400 0.000000 0.000000 0.000000 1.000000
0.997771 0.051916 0.041927 0.000000 -0.040480 0.970365 -0.238227 12.667600 -0.053053 0.235999 0.970304 0.098400 0.000000 0.000000 0.000000 1.000000
0.998539 0.038319 0.038107 0.000000 -0.028671 0.973359 -0.227488 12.667600 -0.045809 0.226063 0.973035 0.098400 0.000000 0.000000 0.000000 1.000000
0.999040 0.027038 0.034467 0.000000 -0.018828 0.975440 -0.219457 12.667600 -0.039554 0.218597 0.975013 0.098400 0.000000 0.000000 0.000000 1.000000
0.999242 0.019620 0.033624 -0.000000 -0.012004 0.976910 -0.213314 12.667600 -0.037032 0.212748 0.976405 0.098400 0.000000 0.000000 0.000000 1.000000
0.999349 0.014516 0.033039 0.000000 -0.007340 0.978157 -0.207737 12.667600 -0.035333 0.207359 0.977627 0.098400 0.000000 0.000000 0.000000 1.000000
0.999403 0.011615 0.032524 0.000000 -0.004789 0.979254 -0.202578 12.667600 -0.034202 0.202301 0.978726 0.098400 0.000000 0.000000 0.000000 1.000000
0.999420 0.011886 0.031925 -0.000000 -0.005323 0.980135 -0.198260 12.667600 -0.033648 0.197975 0.979629 0.098400 0.000000 0.000000 0.000000 1.000000
0.999415 0.014388 0.031031 0.000000 -0.008053 0.980695 -0.195376 12.667600 -0.033243 0.195012 0.980237 0.098400 0.000000 0.000000 0.000000 1.000000
0.999429 0.015853 0.029841 -0.000000 -0.009851 0.981454 -0.191444 12.667600 -0.032322 0.191041 0.981050 0.098400 0.000000 0.000000 0.000000 1.000000
0.999472 0.017197 0.027554 0.000000 -0.011784 0.982525 -0.185756 12.667600 -0.030266 0.185333 0.982209 0.098400 0.000000 0.000000 0.000000 1.000000
0.999524 0.018443 0.024732 0.000000 -0.013731 0.983806 -0.178710 12.667600 -0.027627 0.178285 0.983591 0.098400 0.000000 0.000000 0.000000 1.000000
0.999602 0.018739 0.021085 -0.000000 -0.014901 0.985439 -0.169376 12.667600 -0.023952 0.168995 0.985326 0.098400 0.000000 0.000000 0.000000 1.000000
0.999664 0.020095 0.016387 0.000000 -0.017272 0.987421 -0.157169 12.667600 -0.019340 0.156834 0.987436 0.098400 0.000000 0.000000 0.000000 1.000000
0.999650 0.024159 0.010750 -0.000000 -0.022437 0.990092 -0.138616 12.667600 -0.013992 0.138326 0.990288 0.098400 0.000000 0.000000 0.000000 1.000000
0.999545 0.029702 0.005302 -0.000000 -0.028834 0.992110 -0.122011 12.667600 -0.008885 0.121803 0.992515 0.098400 0.000000 0.000000 0.000000 1.000000
0.999124 0.041807 -0.001633 0.000000 -0.041715 0.992387 -0.115879 12.667600 -0.003224 0.115846 0.993262 0.098400 0.000000 0.000000 0.000000 1.000000
0.998579 0.052533 -0.008986 -0.000000 -0.053227 0.991564 -0.118189 12.667600 0.002701 0.118499 0.992950 0.098400 0.000000 0.000000 0.000000 1.000000
0.997715 0.065402 -0.016925 -0.000000 -0.067044 0.989377 -0.128990 12.667600 0.008309 0.129830 0.991501 0.098400 0.000000 0.000000 0.000000 1.000000
0.998677 0.045921 -0.023123 -0.000000 -0.048817 0.988053 -0.146177 12.667600 0.016134 0.147112 0.988988 0.098400 0.000000 0.000000 0.000000 1.000000
0.998696 -0.047877 -0.017705 0.000000 0.045316 0.991215 -0.124257 12.667600 0.023499 0.123293 0.992092 0.098400 0.000000 0.000000 0.000000 1.000000
0.996252 -0.085933 -0.009863 0.000000 0.084752 0.992575 -0.087247 12.667600 0.017287 0.086084 0.996138 0.098400 0.000000 0.000000 0.000000 1.000000
0.998594 -0.051832 0.011142 0.000000 0.052006 0.998520 -0.015894 12.667600 -0.010302 0.016451 0.999812 0.098400 0.000000 0.000000 0.000000 1.000000
0.999061 -0.022622 0.036949 0.000000 0.022323 0.999715 0.008484 12.667600 -0.037130 -0.007651 0.999281 0.098400 0.000000 0.000000 0.000000 1.000000
0.997009 -0.048007 0.060571 0.000000 0.048770 0.998747 -0.011183 12.667600 -0.059958 0.014104 0.998101 0.098400 0.000000 0.000000 0.000000 1.000000
0.994029 -0.084188 0.069413 -0.000000 0.087104 0.995392 -0.040103 12.667600 -0.065717 0.045910 0.996782 0.098400 0.000000 0.000000 0.000000 1.000000
0.993893 -0.090064 0.063764 0.000000 0.094644 0.992841 -0.072872 12.667600 -0.056744 0.078461 0.995301 0.098400 0.000000 0.000000 0.000000 1.000000
0.994882 -0.082670 0.058099 0.000000 0.088124 0.991218 -0.098598 12.667600 -0.049437 0.103213 0.993430 0.098400 0.000000 0.000000 0.000000 1.000000
0.995579 -0.077276 0.053388 0.000000 0.082635 0.990840 -0.106806 12.667600 -0.044646 0.110746 0.992845 0.098400 0.000000 0.000000 0.000000 1.000000
0.996150 -0.072407 0.049423 0.000000 0.077032 0.992084 -0.099177 12.667600 -0.041851 0.102602 0.993842 0.098400 0.000000 0.000000 0.000000 1.000000
0.996250 -0.073692 0.045339 0.000000 0.077691 0.992548 -0.093877 12.667600 -0.038083 0.097047 0.994551 0.098400 0.000000 0.000000 0.000000 1.000000
0.997177 -0.063053 0.040762 0.000000 0.066614 0.993444 -0.092902 12.667600 -0.034637 0.095356 0.994840 0.098400 0.000000 0.000000 0.000000 1.000000
0.998040 -0.049019 0.038901 0.000000 0.052257 0.994826 -0.087126 12.667600 -0.034429 0.088988 0.995438 0.098400 0.000000 0.000000 0.000000 1.000000
0.998661 -0.033647 0.039287 0.000000 0.036577 0.996405 -0.076420 12.667600 -0.036575 0.077754 0.996301 0.098400 0.000000 0.000000 0.000000 1.000000
0.999062 -0.017011 0.039817 -0.000000 0.019659 0.997555 -0.067070 12.667600 -0.038579 0.067790 0.996953 0.098400 0.000000 0.000000 0.000000 1.000000
0.999164 -0.000190 0.040880 0.000000 0.002701 0.998110 -0.061389 12.667600 -0.040791 0.061448 0.997276 0.098400 0.000000 0.000000 0.000000 1.000000
0.998993 0.013973 0.042632 0.000000 -0.011507 0.998276 -0.057560 12.667600 -0.043363 0.057012 0.997431 0.098400 0.000000 0.000000 0.000000 1.000000
0.998690 0.024662 0.044831 0.000000 -0.022123 0.998170 -0.056284 12.667600 -0.046137 0.055219 0.997408 0.098400 0.000000 0.000000 0.000000 1.000000
0.998327 0.033711 0.046983 -0.000000 -0.030981 0.997855 -0.057670 12.667600 -0.048826 0.056117 0.997230 0.098400 0.000000 0.000000 0.000000 1.000000
0.998039 0.040109 0.048049 -0.000000 -0.037155 0.997454 -0.060864 12.667600 -0.050368 0.058959 0.996989 0.098400 0.000000 0.000000 0.000000 1.000000
0.997890 0.044000 0.047750 0.000000 -0.040847 0.997042 -0.065109 12.667600 -0.050474 0.063021 0.996735 0.098400 0.000000 0.000000 0.000000 1.000000
0.997789 0.048151 0.045817 -0.000000 -0.044889 0.996554 -0.069750 12.667600 -0.049018 0.067539 0.996512 0.098400 0.000000 0.000000 0.000000 1.000000
0.997616 0.054210 0.042707 0.000000 -0.050939 0.995936 -0.074275 12.667600 -0.046560 0.071923 0.996323 0.098400 0.000000 0.000000 0.000000 1.000000
0.997472 0.057899 0.041197 0.000000 -0.054415 0.995212 -0.081188 12.667600 -0.045701 0.078741 0.995847 0.098400 0.000000 0.000000 0.000000 1.000000
0.997321 0.062064 0.038716 0.000000 -0.058418 0.994309 -0.089085 12.667600 -0.044025 0.086584 0.995271 0.098400 0.000000 0.000000 0.000000 1.000000
0.997218 0.065908 0.034823 0.000000 -0.062237 0.993272 -0.097658 12.667600 -0.041025 0.095219 0.994611 0.098400 0.000000 0.000000 0.000000 1.000000
0.997010 0.071224 0.029968 0.000000 -0.067648 0.991959 -0.106962 12.667600 -0.037345 0.104615 0.993811 0.098400 0.000000 0.000000 0.000000 1.000000
0.996538 0.079140 0.025453 0.000000 -0.075663 0.990284 -0.116676 12.667600 -0.034439 0.114346 0.992844 0.098400 0.000000 0.000000 0.000000 1.000000
0.995748 0.089081 0.023474 0.000000 -0.085286 0.987755 -0.130634 12.667600 -0.034823 0.128077 0.991153 0.098400 0.000000 0.000000 0.000000 1.000000
0.993798 0.108894 0.022544 -0.000000 -0.104494 0.983798 -0.145681 12.667600 -0.038042 0.142422 0.989075 0.098400 0.000000 0.000000 0.000000 1.000000
0.991954 0.124740 0.021612 -0.000000 -0.119847 0.980272 -0.157171 12.667600 -0.040791 0.153317 0.987335 0.098400 0.000000 0.000000 0.000000 1.000000
0.990010 0.140172 0.015251 -0.000000 -0.136340 0.979255 -0.149901 12.667600 -0.035947 0.146324 0.988583 0.098400 0.000000 0.000000 0.000000 1.000000
0.987608 0.156540 0.011249 -0.000000 -0.154078 0.980715 -0.120241 12.667600 -0.029855 0.117018 0.992681 0.098400 0.000000 0.000000 0.000000 1.000000
0.984817 0.173189 0.011885 0.000000 -0.171583 0.981506 -0.084889 12.667600 -0.026367 0.081561 0.996319 0.098400 0.000000 0.000000 0.000000 1.000000
0.982066 0.188378 0.007814 0.000000 -0.187686 0.980718 -0.054469 12.667600 -0.017924 0.052026 0.998485 0.098400 0.000000 0.000000 0.000000 1.000000
0.980168 0.198167 -0.000425 -0.000000 -0.197925 0.978862 -0.051533 12.667600 -0.009796 0.050595 0.998671 0.098400 0.000000 0.000000 0.000000 1.000000
0.980343 0.197299 -0.000902 -0.000000 -0.196392 0.975380 -0.100319 12.667600 -0.018913 0.098524 0.994955 0.098400 0.000000 0.000000 0.000000 1.000000
0.973727 0.227710 0.001868 0.000000 -0.226321 0.968630 -0.102640 12.667600 -0.025182 0.099521 0.994717 0.098400 0.000000 0.000000 0.000000 1.000000
0.972555 0.232633 0.004252 0.000000 -0.230407 0.965471 -0.121568 12.667600 -0.032386 0.117252 0.992574 0.098400 0.000000 0.000000 0.000000 1.000000
0.981183 0.193066 0.002384 0.000000 -0.190994 0.972312 -0.134647 12.667600 -0.028314 0.131658 0.990891 0.098400 0.000000 0.000000 0.000000 1.000000
0.983854 0.178953 -0.002788 0.000000 -0.178032 0.976953 -0.117756 12.667600 -0.018349 0.116351 0.993039 0.098400 0.000000 0.000000 0.000000 1.000000
0.983330 0.181648 -0.008162 0.000000 -0.181586 0.978679 -0.095994 12.667600 -0.009449 0.095876 0.995348 0.098400 0.000000 0.000000 0.000000 1.000000
0.982031 0.188239 -0.013450 0.000000 -0.188719 0.979542 -0.069882 12.667600 0.000020 0.071165 0.997465 0.098400 0.000000 0.000000 0.000000 1.000000
0.981496 0.190623 -0.018113 0.000000 -0.191319 0.980167 -0.051678 12.667600 0.007903 0.054187 0.998500 0.098400 0.000000 0.000000 0.000000 1.000000
0.982574 0.184656 -0.021214 -0.000000 -0.185546 0.981194 -0.053205 12.667600 0.010991 0.056214 0.998358 0.098400 0.000000 0.000000 0.000000 1.000000
0.985418 0.168774 -0.021610 -0.000000 -0.169971 0.982254 -0.079285 12.667600 0.007845 0.081802 0.996618 0.098400 0.000000 0.000000 0.000000 1.000000
0.988629 0.148992 -0.020355 0.000000 -0.150375 0.980211 -0.128736 12.667600 0.000772 0.130333 0.991470 0.098400 0.000000 0.000000 0.000000 1.000000
0.988078 0.151779 -0.025798 0.000000 -0.153939 0.971574 -0.179850 12.667600 -0.002233 0.181677 0.983356 0.098400 0.000000 0.000000 0.000000 1.000000
0.984838 0.170820 -0.030231 -0.000000 -0.173190 0.958201 -0.227719 12.667600 -0.009931 0.229502 0.973257 0.098400 0.000000 0.000000 0.000000 1.000000
0.982693 0.182833 -0.029789 0.000000 -0.184028 0.945148 -0.269867 12.667600 -0.021186 0.270678 0.962437 0.098400 0.000000 0.000000 0.000000 1.000000
0.983848 0.177255 -0.024961 0.000000 -0.177055 0.943105 -0.281434 12.667600 -0.026345 0.281308 0.959256 0.098400 0.000000 0.000000 0.000000 1.000000
0.984339 0.174519 -0.024901 0.000000 -0.174475 0.944254 -0.279182 12.667600 -0.025209 0.279154 0.959915 0.098400 0.000000 0.000000 0.000000 1.000000
0.985317 0.168616 -0.026808 0.000000 -0.168724 0.937623 -0.303964 12.667600 -0.026118 0.304024 0.952306 0.098400 0.000000 0.000000 0.000000 1.000000
0.986956 0.158807 -0.026430 0.000000 -0.158622 0.931175 -0.328256 12.667600 -0.027519 0.328167 0.944219 0.098400 0.000000 0.000000 0.000000 1.000000
0.989546 0.142186 -0.024110 0.000000 -0.142672 0.940776 -0.307547 12.667600 -0.021046 0.307771 0.951228 0.098400 0.000000 0.000000 0.000000 1.000000
0.990255 0.137299 -0.023324 -0.000000 -0.138339 0.950465 -0.278348 12.667600 -0.016048 0.278863 0.960197 0.098400 0.000000 0.000000 0.000000 1.000000
0.989055 0.145777 -0.022782 0.000000 -0.146734 0.955629 -0.255424 12.667600 -0.015464 0.255972 0.966561 0.098400 0.000000 0.000000 0.000000 1.000000
0.988314 0.150951 -0.021194 0.000000 -0.151666 0.959873 -0.235885 12.667600 -0.015263 0.236343 0.971550 0.098400 0.000000 0.000000 0.000000 1.000000
0.988243 0.151588 -0.019941 0.000000 -0.151939 0.959134 -0.238699 12.667600 -0.017058 0.238923 0.970889 0.098400 0.000000 0.000000 0.000000 1.000000
0.987398 0.157073 -0.019295 -0.000000 -0.157084 0.957993 -0.239945 12.667600 -0.019204 0.239953 0.970595 0.098400 0.000000 0.000000 0.000000 1.000000
0.987154 0.158693 -0.018530 0.000000 -0.158409 0.957014 -0.242962 12.667600 -0.020823 0.242776 0.969859 0.098400 0.000000 0.000000 0.000000 1.000000
0.987041 0.159498 -0.017596 -0.000000 -0.158929 0.956548 -0.244455 12.667600 -0.022159 0.244083 0.969501 0.098400 0.000000 0.000000 0.000000 1.000000
0.987377 0.157567 -0.016129 0.000000 -0.156777 0.957744 -0.241139 12.667600 -0.022548 0.240624 0.970357 0.098400 0.000000 0.000000 0.000000 1.000000
0.987685 0.155709 -0.015292 -0.000000 -0.154681 0.957107 -0.244991 12.667600 -0.023511 0.244339 0.969405 0.098400 0.000000 0.000000 0.000000 1.000000
0.987777 0.155097 -0.015518 0.000000 -0.154066 0.956371 -0.248230 12.667600 -0.023658 0.247587 0.968577 0.098400 0.000000 0.000000 0.000000 1.000000
0.987814 0.154779 -0.016364 -0.000000 -0.153901 0.955677 -0.250991 12.667600 -0.023209 0.250451 0.967851 0.098400 0.000000 0.000000 0.000000 1.000000
0.987784 0.154884 -0.017136 0.000000 -0.154153 0.955152 -0.252828 12.667600 -0.022792 0.252381 0.967359 0.098400 0.000000 0.000000 0.000000 1.000000
0.987724 0.155204 -0.017695 0.000000 -0.154594 0.954961 -0.253279 12.667600 -0.022412 0.252906 0.967231 0.098400 0.000000 0.000000 0.000000 1.000000
0.987710 0.155274 -0.017887 0.000000 -0.154749 0.955394 -0.251547 12.667600 -0.021969 0.251223 0.967680 0.098400 0.000000 0.000000 0.000000 1.000000
0.987648 0.155675 -0.017795 0.000000 -0.155148 0.955723 -0.250046 12.667600 -0.021919 0.249718 0.968071 0.098400 0.000000 0.000000 0.000000 1.000000
0.987659 0.155657 -0.017345 0.000000 -0.155048 0.956078 -0.248746 12.667600 -0.022136 0.248366 0.968413 0.098400 0.000000 0.000000 0.000000 1.000000
0.987787 0.154892 -0.016883 0.000000 -0.154195 0.956234 -0.248678 12.667600 -0.022374 0.248244 0.968439 0.098400 0.000000 0.000000 0.000000 1.000000
0.987758 0.155099 -0.016680 0.000000 -0.154376 0.956556 -0.247325 12.667600 -0.022405 0.246872 0.968789 0.098400 0.000000 0.000000 0.000000 1.000000</float_array>
        <technique_common>
          <accessor source="#mixamorig_Spine-Matrix-animation-output-transform-array" count="112" stride="16">
            <param type="float4x4"/>
          </accessor>
        </technique_common>
      </source>
      <source id="mixamorig_Spine-Interpolations">
        <Name_array id="mixamorig_Spine-Interpolations-array" count="112">
 LINEAR LINEAR LINEAR LINEAR LINEAR LINEAR LINEAR LINEAR LINEAR LINEAR LINEAR
LINEAR LINEAR LINEAR LINEAR LINEAR LINEAR LINEAR LINEAR LINEAR LINEAR LINEAR LINEAR
LINEAR LINEAR LINEAR LINEAR LINEAR LINEAR LINEAR LINEAR LINEAR LINEAR LINEAR LINEAR
LINEAR LINEAR LINEAR LINEAR LINEAR LINEAR LINEAR LINEAR LINEAR LINEAR LINEAR LINEAR
LINEAR LINEAR LINEAR LINEAR LINEAR LINEAR LINEAR LINEAR LINEAR LINEAR LINEAR LINEAR
LINEAR LINEAR LINEAR LINEAR LINEAR LINEAR LINEAR LINEAR LINEAR LINEAR LINEAR LINEAR
LINEAR LINEAR LINEAR LINEAR LINEAR LINEAR LINEAR LINEAR LINEAR LINEAR LINEAR LINEAR
