<?xml version="1.0" encoding="utf-8"?>
<COLLADA xmlns="http://www.collada.org/2005/11/COLLADASchema" version="1.4.1">
  <asset>
    <contributor>
      <author>Mixamo</author>
      <authoring_tool>COLLADA Mixamo exporter</authoring_tool>
      <comments/>
    </contributor>
    <created>2024-09-12T00:12:11Z</created>
    <modified>2024-09-12T00:12:11Z</modified>
    <revision/>
    <title/>
    <unit meter="0.010000"/>
    <up_axis>Y_UP</up_axis>
  </asset>
  <library_animations>
    <animation id="mixamorig_Hips-anim" name="mixamorig_Hips">
      <source id="mixamorig_Hips-Matrix-animation-input">
        <float_array id="mixamorig_Hips-Matrix-animation-input-array" count="197">

0.000000 0.033333 0.066667 0.100000 0.133333 0.166667 0.200000 0.233333 0.266667 0.300000 0.333333 0.366667 0.400000 0.433333 0.466667 0.500000
0.533333 0.566667 0.600000 0.633333 0.666667 0.700000 0.733333 0.766667 0.800000 0.833333 0.866667 0.900000 0.933333 0.966667 1.000000 1.033333
1.066667 1.100000 1.133333 1.166667 1.200000 1.233333 1.266667 1.300000 1.333333 1.366667 1.400000 1.433333 1.466667 1.500000 1.533333 1.566667
1.600000 1.633333 1.666667 1.700000 1.733333 1.766667 1.800000 1.833333 1.866667 1.900000 1.933333 1.966667 2.000000 2.033333 2.066667 2.100000
2.133333 2.166667 2.200000 2.233333 2.266667 2.300000 2.333333 2.366667 2.400000 2.433333 2.466667 2.500000 2.533333 2.566667 2.600000 2.633333
2.666667 2.700000 2.733333 2.766667 2.800000 2.833333 2.866667 2.900000 2.933333 2.966667 3.000000 3.033333 3.066667 3.100000 3.133333 3.166667
3.200000 3.233333 3.266667 3.300000 3.333333 3.366667 3.400000 3.433333 3.466667 3.500000 3.533333 3.566667 3.600000 3.633333 3.666667 3.700000
3.733333 3.766667 3.800000 3.833333 3.866667 3.900000 3.933333 3.966667 4.000000 4.033333 4.066667 4.100000 4.133333 4.166667 4.200000 4.233333
4.266667 4.300000 4.333333 4.366667 4.400000 4.433333 4.466667 4.500000 4.533333 4.566667 4.600000 4.633333 4.666667 4.700000 4.733333 4.766667
4.800000 4.833333 4.866667 4.900000 4.933333 4.966667 5.000000 5.033333 5.066667 5.100000 5.133333 5.166667 5.200000 5.233333 5.266667 5.300000
5.333333 5.366667 5.400000 5.433333 5.466667 5.500000 5.533333 5.566667 5.600000 5.633333 5.666667 5.700000 5.733333 5.766667 5.800000 5.833333
5.866667 5.900000 5.933333 5.966667 6.000000 6.033333 6.066667 6.100000 6.133333 6.166667 6.200000 6.233333 6.266667 6.300000 6.333333 6.366667
6.400000 6.433333 6.466667 6.500000 6.533333</float_array>
        <technique_common>
          <accessor source="#mixamorig_Hips-Matrix-animation-input-array" count="197">
            <param name="TIME" type="float"/>
          </accessor>
        </technique_common>
      </source>
      <source id="mixamorig_Hips-Matrix-animation-output-transform">
        <float_array id="mixamorig_Hips-Matrix-animation-output-transform-array" count="3152">

0.999221 -0.037379 0.012661 13.251145 0.039446 0.955678 -0.291759 55.406696 -0.001194 0.292032 0.956408 30.588713 0.000000 0.000000 0.000000 1.000000
0.999046 -0.042572 -0.009751 13.215177 0.038367 0.962156 -0.269786 55.357082 0.020868 0.269154 0.962871 30.228045 0.000000 0.000000 0.000000 1.000000
0.998386 -0.045776 -0.033614 13.115932 0.036204 0.969016 -0.244330 55.295918 0.043757 0.242719 0.969109 29.865528 0.000000 0.000000 0.000000 1.000000
0.997202 -0.046195 -0.058767 12.911294 0.032554 0.976097 -0.214882 55.231949 0.067288 0.212368 0.974870 29.536455 0.000000 0.000000 0.000000 1.000000
0.995381 -0.043892 -0.085388 12.652511 0.027790 0.983026 -0.181352 55.153770 0.091899 0.178141 0.979704 29.202780 0.000000 0.000000 0.000000 1.000000
0.992691 -0.039367 -0.114079 12.348985 0.022594 0.989210 -0.144754 55.074196 0.118547 0.141118 0.982869 28.866467 0.000000 0.000000 0.000000 1.000000
0.988841 -0.033282 -0.145206 12.013500 0.017756 0.994107 -0.106936 55.007374 0.147910 0.103164 0.983606 28.522476 0.000000 0.000000 0.000000 1.000000
0.983692 -0.025991 -0.177976 11.672942 0.013710 0.997460 -0.069890 54.984108 0.179340 0.066310 0.981550 28.161995 0.000000 0.000000 0.000000 1.000000
0.977485 -0.017394 -0.210288 11.224017 0.010210 0.999328 -0.035200 54.993469 0.210759 0.032261 0.977006 27.757620 0.000000 0.000000 0.000000 1.000000
0.970920 -0.007793 -0.239276 10.695967 0.007072 0.999967 -0.003870 55.052792 0.239299 0.002066 0.970944 27.298195 0.000000 0.000000 0.000000 1.000000
0.964867 0.001911 -0.262733 10.093851 0.004392 0.999717 0.023400 55.189888 0.262703 -0.023732 0.964585 26.759724 0.000000 0.000000 0.000000 1.000000
0.960050 0.010480 -0.279634 9.429733 0.002453 0.998945 0.045857 55.467167 0.279819 -0.044711 0.959011 26.100658 0.000000 0.000000 0.000000 1.000000
0.956986 0.016742 -0.289650 8.711982 0.001506 0.998033 0.062666 55.978348 0.290130 -0.060406 0.955079 25.270060 0.000000 0.000000 0.000000 1.000000
0.956079 0.019894 -0.292433 7.932463 0.001716 0.997297 0.073456 56.798706 0.293104 -0.070731 0.953461 24.230709 0.000000 0.000000 0.000000 1.000000
0.957511 0.019843 -0.287713 7.034180 0.003091 0.996867 0.079039 57.917137 0.288380 -0.076570 0.954450 22.986610 0.000000 0.000000 0.000000 1.000000
0.960971 0.017745 -0.276079 5.929898 0.004946 0.996679 0.081275 59.157463 0.276604 -0.079469 0.957692 21.629595 0.000000 0.000000 0.000000 1.000000
0.965614 0.014795 -0.259559 4.848578 0.006890 0.996572 0.082439 60.222431 0.259889 -0.081392 0.962202 20.293152 0.000000 0.000000 0.000000 1.000000
0.970542 0.010459 -0.240704 3.977520 0.010202 0.996377 0.084428 61.180214 0.240715 -0.084396 0.966920 18.945894 0.000000 0.000000 0.000000 1.000000
0.975166 0.004907 -0.221422 3.294637 0.014769 0.996088 0.087118 62.089264 0.220984 -0.088225 0.971279 17.358681 0.000000 0.000000 0.000000 1.000000
0.979361 -0.000744 -0.202119 2.699166 0.019073 0.995871 0.088752 62.898067 0.201219 -0.090775 0.975331 15.649532 0.000000 0.000000 0.000000 1.000000
0.983253 -0.006316 -0.182136 2.108822 0.022811 0.995805 0.088613 63.684475 0.180813 -0.091283 0.979272 13.912332 0.000000 0.000000 0.000000 1.000000
0.986880 -0.010797 -0.161092 1.508214 0.025094 0.995894 0.086978 64.443710 0.159492 -0.089879 0.983099 12.251940 0.000000 0.000000 0.000000 1.000000
0.990126 -0.013260 -0.139554 0.971995 0.025256 0.996100 0.084537 65.090256 0.137889 -0.087227 0.986599 10.761047 0.000000 0.000000 0.000000 1.000000
0.992800 -0.013699 -0.118998 0.534739 0.023518 0.996395 0.081509 65.607384 0.117453 -0.083720 0.989543 9.455045 0.000000 0.000000 0.000000 1.000000
0.994816 -0.012813 -0.100885 0.144167 0.020687 0.996786 0.077390 66.077667 0.099569 -0.079076 0.991884 8.299021 0.000000 0.000000 0.000000 1.000000
0.996255 -0.011677 -0.085672 -0.188483 0.017855 0.997267 0.071699 66.519455 0.084600 -0.072960 0.993740 7.292876 0.000000 0.000000 0.000000 1.000000
0.997287 -0.010654 -0.072836 -0.436509 0.015381 0.997790 0.064637 66.933182 0.071987 -0.065582 0.995247 6.437975 0.000000 0.000000 0.000000 1.000000
0.998073 -0.009250 -0.061351 -0.582769 0.012757 0.998292 0.057017 67.310417 0.060719 -0.057690 0.996486 5.729799 0.000000 0.000000 0.000000 1.000000
0.998718 -0.006700 -0.050175 -0.638324 0.009190 0.998729 0.049567 67.645905 0.049779 -0.049965 0.997510 5.155066 0.000000 0.000000 0.000000 1.000000
0.999250 -0.002598 -0.038627 -0.633391 0.004234 0.999095 0.042322 67.938629 0.038482 -0.042454 0.998357 4.699827 0.000000 0.000000 0.000000 1.000000
0.999636 0.002890 -0.026810 -0.572012 -0.001958 0.999395 0.034717 68.170540 0.026894 -0.034652 0.999038 4.364272 0.000000 0.000000 0.000000 1.000000
0.999831 0.009166 -0.015926 -0.466630 -0.008743 0.999613 0.026407 68.311745 0.016161 -0.026263 0.999524 4.126530 0.000000 0.000000 0.000000 1.000000
0.999870 0.014256 -0.007543 -0.317453 -0.014118 0.999737 0.018080 68.421738 0.007799 -0.017971 0.999808 4.051438 0.000000 0.000000 0.000000 1.000000
0.999842 0.017597 -0.002428 -0.140775 -0.017570 0.999788 0.010689 68.496742 0.002616 -0.010644 0.999940 4.033145 0.000000 0.000000 0.000000 1.000000
0.999808 0.019605 0.000286 0.046033 -0.019607 0.999798 0.004402 68.549347 -0.000199 -0.004406 0.999990 4.039514 0.000000 0.000000 0.000000 1.000000
0.999773 0.021230 0.001827 0.240398 -0.021233 0.999773 0.001692 68.558945 -0.001790 -0.001730 0.999997 4.045571 0.000000 0.000000 0.000000 1.000000
0.999746 0.022362 0.002684 0.408742 -0.022362 0.999750 -0.000099 68.575172 -0.002686 0.000039 0.999996 4.063259 0.000000 0.000000 0.000000 1.000000
0.999734 0.022911 0.002644 0.542164 -0.022908 0.999737 -0.000941 68.599876 -0.002665 0.000880 0.999996 4.090634 0.000000 0.000000 0.000000 1.000000
0.999737 0.022877 0.001550 0.640776 -0.022875 0.999737 -0.001395 68.630249 -0.001581 0.001359 0.999998 4.117398 0.000000 0.000000 0.000000 1.000000
0.999750 0.022370 -0.000495 0.712641 -0.022371 0.999747 -0.002303 68.659798 0.000443 0.002313 0.999997 4.130915 0.000000 0.000000 0.000000 1.000000
0.999764 0.021460 -0.003284 0.763875 -0.021473 0.999762 -0.003913 68.681458 0.003200 0.003983 0.999987 4.123713 0.000000 0.000000 0.000000 1.000000
0.999773 0.020321 -0.006420 0.797956 -0.020359 0.999775 -0.005927 68.692314 0.006298 0.006056 0.999962 4.091556 0.000000 0.000000 0.000000 1.000000
0.999773 0.019145 -0.009340 0.821967 -0.019223 0.999780 -0.008409 68.694160 0.009177 0.008587 0.999921 4.028230 0.000000 0.000000 0.000000 1.000000
0.999776 0.017529 -0.011824 0.854437 -0.017675 0.999768 -0.012331 68.693512 0.011605 0.012537 0.999854 3.929111 0.000000 0.000000 0.000000 1.000000
0.999798 0.014114 -0.014335 0.910942 -0.014384 0.999716 -0.018975 68.696777 0.014064 0.019177 0.999717 3.798212 0.000000 0.000000 0.000000 1.000000
0.999818 0.007271 -0.017622 0.995697 -0.007774 0.999560 -0.028637 68.703461 0.017406 0.028769 0.999435 3.645960 0.000000 0.000000 0.000000 1.000000
0.999757 -0.003675 -0.021757 1.102781 0.002805 0.999202 -0.039848 68.699982 0.021886 0.039777 0.998969 3.476877 0.000000 0.000000 0.000000 1.000000
0.999514 -0.018094 -0.025402 1.225244 0.016805 0.998604 -0.050078 68.664337 0.026272 0.049627 0.998422 3.276797 0.000000 0.000000 0.000000 1.000000
0.999056 -0.034975 -0.025774 1.360793 0.033441 0.997773 -0.057719 68.581291 0.027736 0.056802 0.998000 3.012862 0.000000 0.000000 0.000000 1.000000
0.998356 -0.053940 -0.019376 1.500298 0.052607 0.996581 -0.063707 68.446198 0.022746 0.062583 0.997780 2.649290 0.000000 0.000000 0.000000 1.000000
0.997181 -0.074967 -0.003225 1.618157 0.074550 0.994694 -0.070894 68.247414 0.008523 0.070453 0.997479 2.176092 0.000000 0.000000 0.000000 1.000000
0.994995 -0.097067 0.023714 1.676886 0.098687 0.991819 -0.080971 67.946182 -0.015660 0.082906 0.996434 1.627154 0.000000 0.000000 0.000000 1.000000
0.991292 -0.117450 0.059537 1.642579 0.122592 0.988213 -0.091686 67.480942 -0.048067 0.098186 0.994007 1.075277 0.000000 0.000000 0.000000 1.000000
0.985990 -0.133461 0.100055 1.485186 0.143135 0.984968 -0.096699 66.855240 -0.085645 0.109666 0.990272 0.595115 0.000000 0.000000 0.000000 1.000000
0.979538 -0.144009 0.140597 1.201287 0.157339 0.983547 -0.088763 66.092155 -0.125501 0.109068 0.986080 0.280294 0.000000 0.000000 0.000000 1.000000
0.972380 -0.150750 0.178192 0.681848 0.164142 0.984430 -0.062885 65.326836 -0.165938 0.090397 0.981984 0.504026 0.000000 0.000000 0.000000 1.000000
0.964815 -0.156238 0.211473 0.322913 0.163592 0.986371 -0.017626 64.550522 -0.205837 0.051601 0.977225 1.463298 0.000000 0.000000 0.000000 1.000000
0.956848 -0.163808 0.240017 -0.180199 0.157429 0.986475 0.045648 64.012077 -0.244248 -0.005893 0.969695 2.698810 0.000000 0.000000 0.000000 1.000000
0.948209 -0.177233 0.263607 -0.561215 0.149913 0.981324 0.120536 64.005898 -0.280047 -0.074775 0.957070 3.856462 0.000000 0.000000 0.000000 1.000000
0.940526 -0.191984 0.280273 -1.275035 0.139544 0.970520 0.196518 64.353333 -0.309739 -0.145720 0.939589 4.799421 0.000000 0.000000 0.000000 1.000000
0.933776 -0.207844 0.291313 -2.038905 0.130192 0.955570 0.264454 64.903671 -0.333335 -0.209014 0.919348 5.747323 0.000000 0.000000 0.000000 1.000000
0.927093 -0.225506 0.299410 -2.754935 0.124746 0.938874 0.320866 65.536346 -0.353465 -0.260122 0.898554 6.775331 0.000000 0.000000 0.000000 1.000000
0.919808 -0.244473 0.306898 -3.359362 0.122574 0.922055 0.367137 66.206985 -0.372732 -0.300078 0.878080 7.870983 0.000000 0.000000 0.000000 1.000000
0.912545 -0.261222 0.314681 -3.799973 0.119489 0.906157 0.405711 66.854492 -0.391131 -0.332629 0.858123 9.022294 0.000000 0.000000 0.000000 1.000000
0.906661 -0.271640 0.322767 -4.126981 0.111576 0.892265 0.437509 67.326057 -0.406838 -0.360659 0.839290 10.212216 0.000000 0.000000 0.000000 1.000000
0.902912 -0.275479 0.329940 -4.304947 0.100064 0.881244 0.461949 67.761459 -0.418015 -0.384085 0.823251 11.436843 0.000000 0.000000 0.000000 1.000000
0.901031 -0.275455 0.335063 -4.307880 0.089085 0.873523 0.478561 68.208466 -0.424507 -0.401350 0.811611 12.648904 0.000000 0.000000 0.000000 1.000000
0.901099 -0.273072 0.336827 -4.242887 0.081221 0.869337 0.487501 68.597328 -0.425939 -0.411929 0.805537 13.807796 0.000000 0.000000 0.000000 1.000000
0.903456 -0.267754 0.334776 -4.121825 0.075998 0.868615 0.489624 68.841812 -0.421890 -0.416911 0.805105 14.933116 0.000000 0.000000 0.000000 1.000000
0.907972 -0.258020 0.330172 -3.971835 0.070823 0.871097 0.485977 68.882462 -0.413003 -0.417869 0.809205 16.046421 0.000000 0.000000 0.000000 1.000000
0.913461 -0.243585 0.325967 -3.808475 0.063407 0.876466 0.477271 68.707695 -0.401955 -0.415300 0.816062 17.152864 0.000000 0.000000 0.000000 1.000000
0.918234 -0.225921 0.325280 -3.594424 0.053364 0.884421 0.463628 68.381081 -0.392428 -0.408361 0.824161 18.291672 0.000000 0.000000 0.000000 1.000000
0.921178 -0.207315 0.329319 -3.329427 0.042261 0.894564 0.444937 67.949745 -0.386839 -0.395949 0.832814 19.434393 0.000000 0.000000 0.000000 1.000000
0.921947 -0.189349 0.337877 -3.004062 0.031865 0.906478 0.421048 67.480919 -0.386004 -0.377418 0.841758 20.564867 0.000000 0.000000 0.000000 1.000000
0.920429 -0.171760 0.351153 -2.597697 0.022529 0.920114 0.391002 66.956245 -0.390260 -0.351978 0.850770 21.689829 0.000000 0.000000 0.000000 1.000000
0.916816 -0.152570 0.369012 -2.133198 0.013969 0.935816 0.352213 66.209511 -0.399065 -0.317760 0.860102 22.883654 0.000000 0.000000 0.000000 1.000000
0.912447 -0.130257 0.387909 -1.293301 0.007816 0.953356 0.301746 64.837448 -0.409120 -0.272295 0.870906 24.423025 0.000000 0.000000 0.000000 1.000000
0.912846 -0.102340 0.395270 -0.288298 0.004931 0.970771 0.239955 62.992893 -0.408274 -0.217093 0.886670 26.209913 0.000000 0.000000 0.000000 1.000000
0.920710 -0.076918 0.382593 0.578746 0.010487 0.984906 0.172771 61.419445 -0.390107 -0.155060 0.907619 27.410053 0.000000 0.000000 0.000000 1.000000
0.934552 -0.062962 0.350213 1.404137 0.026000 0.993673 0.109262 60.128944 -0.354876 -0.093005 0.930276 27.915699 0.000000 0.000000 0.000000 1.000000
0.947866 -0.062083 0.312564 2.339835 0.047470 0.997404 0.054151 58.906498 -0.315114 -0.036491 0.948352 28.273653 0.000000 0.000000 0.000000 1.000000
0.955017 -0.066091 0.289092 3.298551 0.067019 0.997729 0.006700 57.603352 -0.288878 0.012976 0.957278 28.757889 0.000000 0.000000 0.000000 1.000000
0.955996 -0.070490 0.284785 3.978715 0.083366 0.995961 -0.033330 56.622005 -0.281286 0.055605 0.958012 29.019194 0.000000 0.000000 0.000000 1.000000
0.955273 -0.071684 0.286906 4.515082 0.095448 0.992991 -0.069702 56.209961 -0.279899 0.093969 0.955420 29.202686 0.000000 0.000000 0.000000 1.000000
0.957091 -0.071409 0.280852 4.914209 0.104984 0.988769 -0.106363 56.310223 -0.270103 0.131284 0.953839 29.338535 0.000000 0.000000 0.000000 1.000000
0.961898 -0.073229 0.263420 5.275662 0.114235 0.982980 -0.143876 56.674137 -0.248401 0.168486 0.953892 29.457348 0.000000 0.000000 0.000000 1.000000
0.967488 -0.078429 0.240449 5.745255 0.123493 0.976161 -0.178492 57.096176 -0.220718 0.202382 0.954109 29.557228 0.000000 0.000000 0.000000 1.000000
0.972888 -0.085223 0.215002 6.210005 0.130376 0.969935 -0.205493 57.310562 -0.191025 0.227952 0.954750 29.626898 0.000000 0.000000 0.000000 1.000000
0.978574 -0.092983 0.183704 6.673218 0.133645 0.965572 -0.223182 57.309990 -0.156628 0.242951 0.957310 29.685444 0.000000 0.000000 0.000000 1.000000
0.984165 -0.103724 0.143741 7.109416 0.135637 0.962738 -0.233960 57.209042 -0.114117 0.249752 0.961562 29.734901 0.000000 0.000000 0.000000 1.000000
0.988078 -0.118645 0.098111 7.512592 0.139327 0.960232 -0.241955 57.082634 -0.065503 0.252740 0.965314 29.781034 0.000000 0.000000 0.000000 1.000000
0.989239 -0.136293 0.053206 7.889114 0.145327 0.957401 -0.249527 56.963142 -0.016931 0.254574 0.966905 29.823957 0.000000 0.000000 0.000000 1.000000
0.988004 -0.153910 0.012666 8.232865 0.151990 0.954584 -0.256258 56.868752 0.027350 0.255108 0.966526 29.853737 0.000000 0.000000 0.000000 1.000000
0.985218 -0.169547 -0.024492 8.531641 0.157431 0.952483 -0.260752 56.824997 0.067538 0.253041 0.965095 29.864241 0.000000 0.000000 0.000000 1.000000
0.981257 -0.182831 -0.060885 8.768936 0.160987 0.951421 -0.262452 56.859047 0.105912 0.247731 0.963022 29.852837 0.000000 0.000000 0.000000 1.000000
0.976034 -0.194375 -0.097856 8.949225 0.163153 0.951169 -0.262026 56.974533 0.144009 0.239781 0.960087 29.811995 0.000000 0.000000 0.000000 1.000000
0.969377 -0.204957 -0.135281 9.074654 0.164697 0.951199 -0.260951 57.135468 0.182163 0.230680 0.955826 29.737070 0.000000 0.000000 0.000000 1.000000
0.961165 -0.215352 -0.172584 9.145590 0.166264 0.950996 -0.260696 57.306599 0.220269 0.221877 0.949870 29.617804 0.000000 0.000000 0.000000 1.000000
0.951331 -0.226175 -0.209318 9.164369 0.168296 0.950297 -0.261938 57.467594 0.258158 0.213962 0.942112 29.449547 0.000000 0.000000 0.000000 1.000000
0.939873 -0.237803 -0.245128 9.140581 0.171187 0.949105 -0.264375 57.615669 0.295522 0.206516 0.932748 29.236216 0.000000 0.000000 0.000000 1.000000
0.926870 -0.250369 -0.279692 9.087440 0.175303 0.947542 -0.267268 57.752491 0.331936 0.198692 0.922139 28.987505 0.000000 0.000000 0.000000 1.000000
0.912516 -0.263682 -0.312708 9.011223 0.180713 0.945719 -0.270109 57.877701 0.366957 0.189969 0.910634 28.712734 0.000000 0.000000 0.000000 1.000000
0.897182 -0.277123 -0.343899 8.907574 0.186921 0.943728 -0.272832 57.990776 0.400156 0.180499 0.898496 28.417433 0.000000 0.000000 0.000000 1.000000
0.881332 -0.289853 -0.373147 8.769096 0.192985 0.941681 -0.275670 58.092472 0.431289 0.170946 0.885871 28.103598 0.000000 0.000000 0.000000 1.000000
0.865231 -0.301281 -0.400755 8.586343 0.197954 0.939656 -0.279034 58.179192 0.460639 0.162098 0.872660 27.766130 0.000000 0.000000 0.000000 1.000000
0.848735 -0.311308 -0.427477 8.362179 0.201179 0.937658 -0.283414 58.247440 0.489056 0.154544 0.858452 27.400282 0.000000 0.000000 0.000000 1.000000
0.831525 -0.320094 -0.453988 8.110418 0.202332 0.935666 -0.289120 58.292713 0.517327 0.148555 0.842795 27.008333 0.000000 0.000000 0.000000 1.000000
0.813663 -0.327800 -0.480104 7.847775 0.201500 0.933692 -0.296001 58.306316 0.545299 0.144105 0.825762 26.604643 0.000000 0.000000 0.000000 1.000000
0.795923 -0.334681 -0.504475 7.568813 0.199432 0.931732 -0.303485 58.275398 0.571606 0.140942 0.808333 26.191372 0.000000 0.000000 0.000000 1.000000
0.779540 -0.341304 -0.525194 7.287059 0.197559 0.929675 -0.310926 58.206123 0.594380 0.138623 0.792146 25.782501 0.000000 0.000000 0.000000 1.000000
0.765570 -0.348282 -0.540928 7.022090 0.197274 0.927374 -0.317900 58.121929 0.612361 0.136663 0.778676 25.390621 0.000000 0.000000 0.000000 1.000000
0.754366 -0.355804 -0.551666 6.779449 0.199121 0.924803 -0.324177 58.039417 0.625525 0.134700 0.768488 25.020981 0.000000 0.000000 0.000000 1.000000
0.745543 -0.363337 -0.558706 6.562049 0.202338 0.922152 -0.329691 57.971020 0.635000 0.132751 0.761020 24.679825 0.000000 0.000000 0.000000 1.000000
0.738388 -0.369978 -0.563827 6.372966 0.205415 0.919733 -0.334509 57.917698 0.642331 0.131179 0.755118 24.376043 0.000000 0.000000 0.000000 1.000000
0.732386 -0.375107 -0.568248 6.211733 0.207227 0.917773 -0.338748 57.859898 0.648589 0.130338 0.749896 24.113934 0.000000 0.000000 0.000000 1.000000
0.727483 -0.378737 -0.572125 6.079849 0.207685 0.916282 -0.342482 57.775200 0.653939 0.130328 0.745237 23.893314 0.000000 0.000000 0.000000 1.000000
0.723968 -0.381464 -0.574766 5.979538 0.207671 0.915063 -0.345734 57.646893 0.657832 0.130938 0.741695 23.709042 0.000000 0.000000 0.000000 1.000000
0.722183 -0.383924 -0.575373 5.932918 0.208037 0.913866 -0.348668 57.507046 0.659676 0.132103 0.739849 23.567352 0.000000 0.000000 0.000000 1.000000
0.722396 -0.386381 -0.573458 5.963573 0.209134 0.912564 -0.351411 57.396523 0.659096 0.133928 0.740038 23.478907 0.000000 0.000000 0.000000 1.000000
0.724906 -0.388500 -0.568841 6.029835 0.210675 0.911254 -0.353882 57.307121 0.655841 0.136691 0.742420 23.430521 0.000000 0.000000 0.000000 1.000000
0.730001 -0.389330 -0.561712 6.126998 0.211688 0.910268 -0.355809 57.259056 0.649836 0.140834 0.746913 23.423531 0.000000 0.000000 0.000000 1.000000
0.737704 -0.388146 -0.552391 6.258453 0.211463 0.909879 -0.356937 57.264351 0.641153 0.146503 0.753300 23.462656 0.000000 0.000000 0.000000 1.000000
0.747610 -0.385095 -0.541093 6.422046 0.210234 0.910056 -0.357211 57.304955 0.629985 0.153298 0.761327 23.550774 0.000000 0.000000 0.000000 1.000000
0.759128 -0.380923 -0.527848 6.623243 0.208900 0.910570 -0.356684 57.358402 0.616511 0.160502 0.770813 23.696430 0.000000 0.000000 0.000000 1.000000
0.771875 -0.376148 -0.512564 6.874856 0.208095 0.911269 -0.355367 57.415222 0.600754 0.167637 0.781660 23.913584 0.000000 0.000000 0.000000 1.000000
0.785706 -0.370595 -0.495303 7.169343 0.207443 0.912169 -0.353433 57.472889 0.582781 0.174948 0.793574 24.196554 0.000000 0.000000 0.000000 1.000000
0.800363 -0.363793 -0.476523 7.501283 0.205811 0.913269 -0.351541 57.538597 0.563082 0.183287 0.805819 24.535748 0.000000 0.000000 0.000000 1.000000
0.815293 -0.355667 -0.456944 7.842181 0.202503 0.914430 -0.350444 57.591679 0.542485 0.193182 0.817552 24.909084 0.000000 0.000000 0.000000 1.000000
0.829925 -0.346354 -0.437337 8.186278 0.197538 0.915590 -0.350249 57.636662 0.521731 0.204289 0.828289 25.311150 0.000000 0.000000 0.000000 1.000000
0.843972 -0.335913 -0.418179 8.535008 0.191518 0.916948 -0.350039 57.680008 0.501032 0.215334 0.838212 25.745525 0.000000 0.000000 0.000000 1.000000
0.857417 -0.324356 -0.399537 8.883936 0.185061 0.918768 -0.348738 57.710632 0.480197 0.225075 0.847793 26.207991 0.000000 0.000000 0.000000 1.000000
0.870319 -0.311952 -0.381093 9.250656 0.178521 0.921012 -0.346218 57.738499 0.458994 0.233287 0.857264 26.692327 0.000000 0.000000 0.000000 1.000000
0.882734 -0.299301 -0.362214 9.631883 0.172289 0.923361 -0.343104 57.754837 0.437146 0.240464 0.866649 27.180708 0.000000 0.000000 0.000000 1.000000
0.894786 -0.286935 -0.342090 10.016365 0.166981 0.925622 -0.339620 57.754318 0.414095 0.246765 0.876146 27.661631 0.000000 0.000000 0.000000 1.000000
0.906585 -0.274874 -0.320232 10.394170 0.162970 0.927962 -0.335152 57.753628 0.389288 0.251655 0.886073 28.134947 0.000000 0.000000 0.000000 1.000000
0.917997 -0.262781 -0.297032 10.753004 0.159899 0.930640 -0.329152 57.767132 0.362925 0.254665 0.896343 28.597572 0.000000 0.000000 0.000000 1.000000
0.928607 -0.250370 -0.273868 11.080971 0.156694 0.933612 -0.322205 57.794746 0.336357 0.256289 0.906190 29.036821 0.000000 0.000000 0.000000 1.000000
0.938021 -0.237589 -0.252327 11.370377 0.152279 0.936544 -0.315747 57.825832 0.311333 0.257754 0.914677 29.438871 0.000000 0.000000 0.000000 1.000000
0.946216 -0.224541 -0.232930 11.621277 0.146357 0.939145 -0.310785 57.851376 0.288539 0.259979 0.921497 29.800385 0.000000 0.000000 0.000000 1.000000
0.953599 -0.211356 -0.214424 11.840742 0.139560 0.941349 -0.307222 57.868240 0.266781 0.263042 0.927166 30.128969 0.000000 0.000000 0.000000 1.000000
0.960706 -0.198110 -0.194414 12.038201 0.132895 0.943215 -0.304440 57.878571 0.243687 0.266641 0.932480 30.431593 0.000000 0.000000 0.000000 1.000000
0.967807 -0.184693 -0.170990 12.219468 0.126906 0.944764 -0.302184 57.873615 0.217357 0.270756 0.937789 30.713388 0.000000 0.000000 0.000000 1.000000
0.974733 -0.170827 -0.143925 12.381289 0.121391 0.945972 -0.300669 57.845581 0.187512 0.275601 0.942806 30.975945 0.000000 0.000000 0.000000 1.000000
0.981063 -0.156196 -0.114535 12.491426 0.115715 0.946862 -0.300105 57.787392 0.155324 0.281169 0.947005 31.231428 0.000000 0.000000 0.000000 1.000000
0.986451 -0.140667 -0.084419 12.533187 0.109413 0.947531 -0.300357 57.695747 0.122240 0.287051 0.950084 31.486731 0.000000 0.000000 0.000000 1.000000
0.990735 -0.124402 -0.054486 12.538657 0.102481 0.948052 -0.301155 57.569344 0.089120 0.292781 0.952017 31.727160 0.000000 0.000000 0.000000 1.000000
0.993853 -0.107822 -0.025091 12.520673 0.095256 0.948400 -0.302431 57.398659 0.056405 0.298182 0.952841 31.942375 0.000000 0.000000 0.000000 1.000000
0.995818 -0.091296 0.003409 12.490449 0.087999 0.948493 -0.304331 57.180511 0.024551 0.303359 0.952560 32.124214 0.000000 0.000000 0.000000 1.000000
0.996716 -0.075005 0.030512 12.451486 0.080757 0.948303 -0.306920 56.922920 -0.005915 0.308376 0.951246 32.271755 0.000000 0.000000 0.000000 1.000000
0.996682 -0.059259 0.055793 12.402653 0.073712 0.947865 -0.310030 56.639523 -0.034512 0.313114 0.949088 32.386177 0.000000 0.000000 0.000000 1.000000
0.995897 -0.044693 0.078692 12.352273 0.067287 0.947157 -0.313633 56.351139 -0.060516 0.317641 0.946278 32.469109 0.000000 0.000000 0.000000 1.000000
0.994663 -0.032197 0.098020 12.319768 0.061968 0.946039 -0.318072 56.085403 -0.082490 0.322448 0.942986 32.517895 0.000000 0.000000 0.000000 1.000000
0.993443 -0.022505 0.112089 12.330233 0.057919 0.944375 -0.323730 55.865448 -0.098568 0.328100 0.939486 32.531719 0.000000 0.000000 0.000000 1.000000
0.992678 -0.015815 0.119753 12.393539 0.054875 0.942228 -0.330447 55.705975 -0.107609 0.334598 0.936197 32.506676 0.000000 0.000000 0.000000 1.000000
0.992549 -0.011855 0.121267 12.501421 0.052435 0.939941 -0.337284 55.605247 -0.109985 0.341130 0.933560 32.439003 0.000000 0.000000 0.000000 1.000000
0.992976 -0.010185 0.117879 12.636125 0.050330 0.938017 -0.342916 55.548187 -0.107079 0.346440 0.931940 32.328812 0.000000 0.000000 0.000000 1.000000
0.993799 -0.010414 0.110701 12.778837 0.048382 0.936911 -0.346203 55.516575 -0.100112 0.349412 0.931605 32.178886 0.000000 0.000000 0.000000 1.000000
0.994893 -0.012245 0.100194 12.914791 0.046423 0.936916 -0.346459 55.498978 -0.089631 0.349341 0.932699 31.993187 0.000000 0.000000 0.000000 1.000000
0.996121 -0.015465 0.086623 13.034713 0.044418 0.938178 -0.343291 55.487652 -0.075959 0.345807 0.935226 31.775331 0.000000 0.000000 0.000000 1.000000
0.997309 -0.019891 0.070569 13.132506 0.042564 0.940771 -0.336361 55.476837 -0.059699 0.338459 0.939085 31.526192 0.000000 0.000000 0.000000 1.000000
0.998288 -0.025291 0.052737 13.205503 0.041122 0.944685 -0.325392 55.460991 -0.041591 0.327004 0.944107 31.245068 0.000000 0.000000 0.000000 1.000000
0.998949 -0.031313 0.033460 13.245872 0.040168 0.949756 -0.310403 55.439804 -0.022060 0.311421 0.950016 30.930794 0.000000 0.000000 0.000000 1.000000
0.999221 -0.037378 0.012661 13.251157 0.039446 0.955678 -0.291760 55.406696 -0.001194 0.292032 0.956408 30.588713 0.000000 0.000000 0.000000 1.000000
0.999046 -0.042572 -0.009751 13.215182 0.038367 0.962156 -0.269786 55.357086 0.020868 0.269154 0.962871 30.228048 0.000000 0.000000 0.000000 1.000000
0.998386 -0.045776 -0.033614 13.115938 0.036204 0.969016 -0.244330 55.295918 0.043757 0.242719 0.969109 29.865549 0.000000 0.000000 0.000000 1.000000
0.997202 -0.046195 -0.058767 12.911287 0.032554 0.976097 -0.214882 55.231937 0.067289 0.212368 0.974870 29.536448 0.000000 0.000000 0.000000 1.000000
0.995381 -0.043891 -0.085388 12.652495 0.027790 0.983026 -0.181352 55.153763 0.091899 0.178141 0.979704 29.202784 0.000000 0.000000 0.000000 1.000000
0.992691 -0.039367 -0.114079 12.348989 0.022594 0.989210 -0.144754 55.074211 0.118547 0.141118 0.982869 28.866467 0.000000 0.000000 0.000000 1.000000
0.988841 -0.033282 -0.145206 12.013495 0.017756 0.994107 -0.106936 55.007362 0.147909 0.103164 0.983606 28.522472 0.000000 0.000000 0.000000 1.000000
0.983692 -0.025991 -0.177976 11.672942 0.013710 0.997460 -0.069890 54.984108 0.179340 0.066310 0.981550 28.161995 0.000000 0.000000 0.000000 1.000000
0.977485 -0.017394 -0.210287 11.224015 0.010210 0.999328 -0.035200 54.993481 0.210758 0.032261 0.977006 27.757605 0.000000 0.000000 0.000000 1.000000
0.970920 -0.007793 -0.239276 10.695967 0.007072 0.999967 -0.003870 55.052792 0.239299 0.002066 0.970944 27.298195 0.000000 0.000000 0.000000 1.000000
0.964867 0.001911 -0.262733 10.093851 0.004392 0.999717 0.023400 55.189888 0.262703 -0.023732 0.964585 26.759724 0.000000 0.000000 0.000000 1.000000
0.960050 0.010480 -0.279634 9.429734 0.002453 0.998945 0.045857 55.467163 0.279819 -0.044711 0.959011 26.100649 0.000000 0.000000 0.000000 1.000000
0.956986 0.016742 -0.289650 8.711982 0.001506 0.998033 0.062666 55.978348 0.290130 -0.060406 0.955079 25.270060 0.000000 0.000000 0.000000 1.000000
0.956079 0.019894 -0.292433 7.932455 0.001716 0.997297 0.073455 56.798695 0.293104 -0.070731 0.953461 24.230698 0.000000 0.000000 0.000000 1.000000
0.957511 0.019843 -0.287713 7.034180 0.003091 0.996867 0.079039 57.917137 0.288380 -0.076570 0.954450 22.986610 0.000000 0.000000 0.000000 1.000000
0.960971 0.017744 -0.276079 5.929887 0.004946 0.996679 0.081275 59.157478 0.276604 -0.079468 0.957692 21.629580 0.000000 0.000000 0.000000 1.000000
0.965614 0.014795 -0.259559 4.848585 0.006890 0.996572 0.082439 60.222382 0.259889 -0.081392 0.962202 20.293152 0.000000 0.000000 0.000000 1.000000
0.970542 0.010459 -0.240704 3.977521 0.010202 0.996377 0.084428 61.180210 0.240715 -0.084396 0.966920 18.945890 0.000000 0.000000 0.000000 1.000000
0.975166 0.004907 -0.221422 3.294636 0.014769 0.996088 0.087119 62.089272 0.220984 -0.088225 0.971279 17.358667 0.000000 0.000000 0.000000 1.000000
0.979361 -0.000743 -0.202119 2.699175 0.019073 0.995871 0.088752 62.898071 0.201219 -0.090775 0.975331 15.649523 0.000000 0.000000 0.000000 1.000000
0.983253 -0.006316 -0.182136 2.108832 0.022811 0.995805 0.088613 63.684494 0.180812 -0.091283 0.979272 13.912336 0.000000 0.000000 0.000000 1.000000
0.986880 -0.010797 -0.161092 1.508215 0.025094 0.995894 0.086978 64.443695 0.159492 -0.089879 0.983099 12.251942 0.000000 0.000000 0.000000 1.000000
0.990126 -0.013260 -0.139554 0.971995 0.025256 0.996100 0.084537 65.090256 0.137889 -0.087227 0.986599 10.761047 0.000000 0.000000 0.000000 1.000000
0.992800 -0.013699 -0.118998 0.534739 0.023518 0.996395 0.081509 65.607384 0.117453 -0.083720 0.989543 9.455040 0.000000 0.000000 0.000000 1.000000
0.994816 -0.012813 -0.100885 0.144167 0.020687 0.996786 0.077390 66.077667 0.099569 -0.079076 0.991884 8.299021 0.000000 0.000000 0.000000 1.000000
0.996255 -0.011677 -0.085672 -0.188483 0.017855 0.997267 0.071699 66.519455 0.084600 -0.072960 0.993740 7.292876 0.000000 0.000000 0.000000 1.000000
0.997287 -0.010655 -0.072837 -0.436519 0.015381 0.997790 0.064637 66.933174 0.071987 -0.065582 0.995247 6.437982 0.000000 0.000000 0.000000 1.000000
0.998073 -0.009250 -0.061351 -0.582769 0.012757 0.998292 0.057017 67.310417 0.060719 -0.057690 0.996486 5.729799 0.000000 0.000000 0.000000 1.000000
0.998718 -0.006700 -0.050175 -0.638322 0.009190 0.998729 0.049567 67.645905 0.049779 -0.049965 0.997510 5.155068 0.000000 0.000000 0.000000 1.000000
0.999250 -0.002598 -0.038627 -0.633391 0.004234 0.999095 0.042322 67.938629 0.038482 -0.042454 0.998357 4.699827 0.000000 0.000000 0.000000 1.000000
0.999636 0.002890 -0.026810 -0.572016 -0.001958 0.999395 0.034717 68.170547 0.026894 -0.034652 0.999038 4.364267 0.000000 0.000000 0.000000 1.000000
0.999831 0.009166 -0.015926 -0.466628 -0.008743 0.999613 0.026407 68.311752 0.016161 -0.026263 0.999524 4.126525 0.000000 0.000000 0.000000 1.000000
0.999870 0.014256 -0.007543 -0.317454 -0.014118 0.999737 0.018080 68.421738 0.007799 -0.017971 0.999808 4.051434 0.000000 0.000000 0.000000 1.000000
0.999842 0.017597 -0.002428 -0.140765 -0.017570 0.999788 0.010689 68.496719 0.002616 -0.010644 0.999940 4.033144 0.000000 0.000000 0.000000 1.000000
0.999808 0.019605 0.000286 0.046037 -0.019607 0.999798 0.004402 68.549355 -0.000199 -0.004406 0.999990 4.039513 0.000000 0.000000 0.000000 1.000000</float_array>
        <technique_common>
          <accessor source="#mixamorig_Hips-Matrix-animation-output-transform-array" count="197" stride="16">
            <param type="float4x4"/>
          </accessor>
        </technique_common>
      </source>
      <source id="mixamorig_Hips-Interpolations">
        <Name_array id="mixamorig_Hips-Interpolations-array" count="197">
 LINEAR LINEAR LINEAR LINEAR LINEAR LINEAR LINEAR LINEAR LINEAR LINEAR LINEAR
LINEAR LINEAR LINEAR LINEAR LINEAR LINEAR LINEAR LINEAR LINEAR LINEAR LINEAR LINEAR
LINEAR LINEAR LINEAR LINEAR LINEAR LINEAR LINEAR LINEAR LINEAR LINEAR LINEAR LINEAR
LINEAR LINEAR LINEAR LINEAR LINEAR LINEAR LINEAR LINEAR LINEAR LINEAR LINEAR LINEAR
LINEAR LINEAR LINEAR LINEAR LINEAR LINEAR LINEAR LINEAR LINEAR LINEAR LINEAR LINEAR
LINEAR LINEAR LINEAR LINEAR LINEAR LINEAR LINEAR LINEAR LINEAR LINEAR LINEAR LINEAR
LINEAR LINEAR LINEAR LINEAR LINEAR LINEAR LINEAR LINEAR LINEAR LINEAR LINEAR LINEAR
LINEAR LINEAR LINEAR LINEAR LINEAR LINEAR LINEAR LINEAR LINEAR LINEAR LINEAR LINEAR
LINEAR LINEAR LINEAR LINEAR LINEAR LINEAR LINEAR LINEAR LINEAR LINEAR LINEAR LINEAR
LINEAR LINEAR LINEAR LINEAR LINEAR LINEAR LINEAR LINEAR LINEAR LINEAR LINEAR LINEAR
LINEAR LINEAR LINEAR LINEAR LINEAR LINEAR LINEAR LINEAR LINEAR LINEAR LINEAR LINEAR
LINEAR LINEAR LINEAR LINEAR LINEAR LINEAR LINEAR LINEAR LINEAR LINEAR LINEAR LINEAR
LINEAR LINEAR LINEAR LINEAR LINEAR LINEAR LINEAR LINEAR LINEAR LINEAR LINEAR LINEAR
LINEAR LINEAR LINEAR LINEAR LINEAR LINEAR LINEAR LINEAR LINEAR LINEAR LINEAR LINEAR
LINEAR LINEAR LINEAR LINEAR LINEAR LINEAR LINEAR LINEAR LINEAR LINEAR LINEAR LINEAR
LINEAR LINEAR LINEAR LINEAR LINEAR LINEAR LINEAR LINEAR LINEAR LINEAR LINEAR LINEAR
LINEAR LINEAR LINEAR LINEAR LINEAR LINEAR</Name_array>
        <technique_common>
          <accessor source="#mixamorig_Hips-Interpolations-array" count="197">
            <param type="name"/>
          </accessor>
        </technique_common>
      </source>
      <sampler id="mixamorig_Hips-Matrix-animation-transform">
        <input semantic="INPUT" source="#mixamorig_Hips-Matrix-animation-input"/>
        <input semantic="OUTPUT" source="#mixamorig_Hips-Matrix-animation-output-transform"/>
        <input semantic="INTERPOLATION" source="#mixamorig_Hips-Interpolations"/>
      </sampler>
      <channel source="#mixamorig_Hips-Matrix-animation-transform" target="mixamorig_Hips/matrix"/>
    </animation>
    <animation id="mixamorig_Spine-anim" name="mixamorig_Spine">
      <source id="mixamorig_Spine-Matrix-animation-input">
        <float_array id="mixamorig_Spine-Matrix-animation-input-array" count="197">

0.000000 0.033333 0.066667 0.100000 0.133333 0.166667 0.200000 0.233333 0.266667 0.300000 0.333333 0.366667 0.400000 0.433333 0.466667 0.500000
0.533333 0.566667 0.600000 0.633333 0.666667 0.700000 0.733333 0.766667 0.800000 0.833333 0.866667 0.900000 0.933333 0.966667 1.000000 1.033333
1.066667 1.100000 1.133333 1.166667 1.200000 1.233333 1.266667 1.300000 1.333333 1.366667 1.400000 1.433333 1.466667 1.500000 1.533333 1.566667
1.600000 1.633333 1.666667 1.700000 1.733333 1.766667 1.800000 1.833333 1.866667 1.900000 1.933333 1.966667 2.000000 2.033333 2.066667 2.100000
2.133333 2.166667 2.200000 2.233333 2.266667 2.300000 2.333333 2.366667 2.400000 2.433333 2.466667 2.500000 2.533333 2.566667 2.600000 2.633333
2.666667 2.700000 2.733333 2.766667 2.800000 2.833333 2.866667 2.900000 2.933333 2.966667 3.000000 3.033333 3.066667 3.100000 3.133333 3.166667
3.200000 3.233333 3.266667 3.300000 3.333333 3.366667 3.400000 3.433333 3.466667 3.500000 3.533333 3.566667 3.600000 3.633333 3.666667 3.700000
3.733333 3.766667 3.800000 3.833333 3.866667 3.900000 3.933333 3.966667 4.000000 4.033333 4.066667 4.100000 4.133333 4.166667 4.200000 4.233333
4.266667 4.300000 4.333333 4.366667 4.400000 4.433333 4.466667 4.500000 4.533333 4.566667 4.600000 4.633333 4.666667 4.700000 4.733333 4.766667
4.800000 4.833333 4.866667 4.900000 4.933333 4.966667 5.000000 5.033333 5.066667 5.100000 5.133333 5.166667 5.200000 5.233333 5.266667 5.300000
5.333333 5.366667 5.400000 5.433333 5.466667 5.500000 5.533333 5.566667 5.600000 5.633333 5.666667 5.700000 5.733333 5.766667 5.800000 5.833333
5.866667 5.900000 5.933333 5.966667 6.000000 6.033333 6.066667 6.100000 6.133333 6.166667 6.200000 6.233333 6.266667 6.300000 6.333333 6.366667
6.400000 6.433333 6.466667 6.500000 6.533333</float_array>
        <technique_common>
          <accessor source="#mixamorig_Spine-Matrix-animation-input-array" count="197">
            <param name="TIME" type="float"/>
          </accessor>
        </technique_common>
      </source>
      <source id="mixamorig_Spine-Matrix-animation-output-transform">
        <float_array id="mixamorig_Spine-Matrix-animation-output-transform-array" count="3152">

0.999128 0.039963 0.012094 -0.000000 -0.034445 0.952620 -0.302207 12.723100 -0.023598 0.301527 0.953166 -0.539600 0.000000 0.000000 0.000000 1.000000
0.999268 0.036709 0.010741 0.000000 -0.031730 0.952425 -0.303117 12.723100 -0.021357 0.302555 0.952893 -0.539600 0.000000 0.000000 0.000000 1.000000
0.999414 0.032980 0.009199 0.000000 -0.028625 0.952232 -0.304031 12.723100 -0.018787 0.303589 0.952618 -0.539600 0.000000 0.000000 0.000000 1.000000
0.999555 0.028807 0.007713 0.000000 -0.025080 0.951967 -0.305171 12.723100 -0.016134 0.304842 0.952266 -0.539600 0.000000 0.000000 0.000000 1.000000
0.999678 0.024508 0.006520 -0.000000 -0.021332 0.951654 -0.306430 12.723100 -0.013714 0.306193 0.951871 -0.539600 0.000000 0.000000 0.000000 1.000000
0.999778 0.020258 0.005813 0.000000 -0.017490 0.951401 -0.307458 12.723100 -0.011759 0.307288 0.951544 -0.539600 0.000000 0.000000 0.000000 1.000000
0.999854 0.016172 0.005555 0.000000 -0.013676 0.951321 -0.307899 12.723100 -0.010264 0.307778 0.951403 -0.539600 0.000000 0.000000 0.000000 1.000000
0.999912 0.012159 0.005384 0.000000 -0.009914 0.951497 -0.307500 12.723100 -0.008862 0.307419 0.951533 -0.539600 0.000000 0.000000 0.000000 1.000000
0.999957 0.007781 0.005091 0.000000 -0.005849 0.951961 -0.306163 12.723100 -0.007228 0.306120 0.951966 -0.539600 0.000000 0.000000 0.000000 1.000000
0.999987 0.002830 0.004226 0.000000 -0.001412 0.952685 -0.303956 12.723100 -0.004886 0.303946 0.952677 -0.539600 0.000000 0.000000 0.000000 1.000000
0.999993 -0.002543 0.002621 0.000000 0.003214 0.953607 -0.301038 12.723100 -0.001734 0.301045 0.953608 -0.539600 0.000000 0.000000 0.000000 1.000000
0.999968 -0.008001 0.000494 0.000000 0.007785 0.954675 -0.297548 12.723100 0.001909 0.297543 0.954707 -0.539600 0.000000 0.000000 0.000000 1.000000
0.999911 -0.013208 -0.001729 0.000000 0.012118 0.955859 -0.293577 12.723100 0.005530 0.293530 0.955934 -0.539600 0.000000 0.000000 0.000000 1.000000
0.999834 -0.017828 -0.003764 -0.000000 0.015977 0.957116 -0.289265 12.723100 0.008760 0.289157 0.957242 -0.539600 0.000000 0.000000 0.000000 1.000000
0.999751 -0.021629 -0.005570 -0.000000 0.019147 0.958370 -0.284888 12.723100 0.011500 0.284710 0.958545 -0.539600 0.000000 0.000000 0.000000 1.000000
0.999660 -0.025124 -0.006982 0.000000 0.022153 0.959500 -0.280835 12.723100 0.013755 0.280584 0.959731 -0.539600 0.000000 0.000000 0.000000 1.000000
0.999564 -0.028512 -0.007642 -0.000000 0.025273 0.960398 -0.277482 12.723100 0.015251 0.277168 0.960701 -0.539600 0.000000 0.000000 0.000000 1.000000
0.999513 -0.030251 -0.007674 0.000000 0.026976 0.961076 -0.274963 12.723100 0.015693 0.274622 0.961424 -0.539600 0.000000 0.000000 0.000000 1.000000
0.999518 -0.030258 -0.007010 0.000000 0.027196 0.961620 -0.273033 12.723100 0.015002 0.272711 0.961979 -0.539600 0.000000 0.000000 0.000000 1.000000
