<?xml version="1.0" encoding="utf-8"?>
<COLLADA xmlns="http://www.collada.org/2005/11/COLLADASchema" version="1.4.1">
  <asset>
    <contributor>
      <author>Mixamo</author>
      <authoring_tool>COLLADA Mixamo exporter</authoring_tool>
      <comments/>
    </contributor>
    <created>2024-09-10T20:59:48Z</created>
    <modified>2024-09-10T20:59:48Z</modified>
    <revision/>
    <title/>
    <unit meter="0.010000"/>
    <up_axis>Y_UP</up_axis>
  </asset>
  <library_animations>
    <animation id="mixamorig_Hips-anim" name="mixamorig_Hips">
      <source id="mixamorig_Hips-Matrix-animation-input">
        <float_array id="mixamorig_Hips-Matrix-animation-input-array" count="96">

0.000000 0.033333 0.066667 0.100000 0.133333 0.166667 0.200000 0.233333 0.266667 0.300000 0.333333 0.366667 0.400000 0.433333 0.466667 0.500000
0.533333 0.566667 0.600000 0.633333 0.666667 0.700000 0.733333 0.766667 0.800000 0.833333 0.866667 0.900000 0.933333 0.966667 1.000000 1.033333
1.066667 1.100000 1.133333 1.166667 1.200000 1.233333 1.266667 1.300000 1.333333 1.366667 1.400000 1.433333 1.466667 1.500000 1.533333 1.566667
1.600000 1.633333 1.666667 1.700000 1.733333 1.766667 1.800000 1.833333 1.866667 1.900000 1.933333 1.966667 2.000000 2.033333 2.066667 2.100000
2.133333 2.166667 2.200000 2.233333 2.266667 2.300000 2.333333 2.366667 2.400000 2.433333 2.466667 2.500000 2.533333 2.566667 2.600000 2.633333
2.666667 2.700000 2.733333 2.766667 2.800000 2.833333 2.866667 2.900000 2.933333 2.966667 3.000000 3.033333 3.066667 3.100000 3.133333 3.166667</float_array>
        <technique_common>
          <accessor source="#mixamorig_Hips-Matrix-animation-input-array" count="96">
            <param name="TIME" type="float"/>
          </accessor>
        </technique_common>
      </source>
      <source id="mixamorig_Hips-Matrix-animation-output-transform">
        <float_array id="mixamorig_Hips-Matrix-animation-output-transform-array" count="1536">

0.639387 -0.127403 -0.758256 0.770045 0.041350 0.990447 -0.131549 64.643364 0.767773 0.052757 0.638547 -0.111429 0.000000 0.000000 0.000000 1.000000
0.642128 -0.124769 -0.756376 1.160062 0.038562 0.990674 -0.130680 64.842773 0.765627 0.054746 0.640951 -0.405163 0.000000 0.000000 0.000000 1.000000
0.633029 -0.123741 -0.764174 1.571038 0.039044 0.990989 -0.128125 65.056091 0.773143 0.051271 0.632156 -0.794554 0.000000 0.000000 0.000000 1.000000
0.587173 -0.125870 -0.799615 1.975003 0.036192 0.990931 -0.129409 65.307518 0.808652 0.047046 0.586404 -1.215015 0.000000 0.000000 0.000000 1.000000
0.506081 -0.130443 -0.852565 2.404669 0.030212 0.990571 -0.133625 65.548714 0.861957 0.041867 0.505250 -1.629191 0.000000 0.000000 0.000000 1.000000
0.396760 -0.136729 -0.907682 2.848499 0.021697 0.989965 -0.139640 65.726372 0.917666 0.035709 0.395745 -2.036174 0.000000 0.000000 0.000000 1.000000
0.270055 -0.144048 -0.952009 3.241293 0.011311 0.989152 -0.146460 65.849701 0.962778 0.028784 0.268755 -2.543476 0.000000 0.000000 0.000000 1.000000
0.140156 -0.151996 -0.978393 3.523913 -0.000167 0.988143 -0.153535 65.907822 0.990129 0.021682 0.138469 -3.147232 0.000000 0.000000 0.000000 1.000000
-0.009762 -0.167765 -0.985779 3.534022 -0.016558 0.985718 -0.167591 65.846191 0.999815 0.014687 -0.012401 -3.776859 0.000000 0.000000 0.000000 1.000000
-0.124130 -0.188313 -0.974233 3.255416 -0.032976 0.982067 -0.185626 65.878845 0.991718 0.009084 -0.128113 -4.472641 0.000000 0.000000 0.000000 1.000000
-0.169825 -0.220604 -0.960465 2.767897 -0.043787 0.975349 -0.216280 66.206772 0.984501 0.005326 -0.175298 -5.201160 0.000000 0.000000 0.000000 1.000000
-0.203153 -0.253601 -0.945735 2.045578 -0.058688 0.967294 -0.246775 66.561562 0.977387 0.005370 -0.211392 -5.789368 0.000000 0.000000 0.000000 1.000000
-0.222042 -0.285015 -0.932450 1.195782 -0.073761 0.958493 -0.275411 66.927147 0.972243 0.007625 -0.233849 -6.136268 0.000000 0.000000 0.000000 1.000000
-0.217963 -0.312786 -0.924477 0.407081 -0.085006 0.949736 -0.301291 67.378273 0.972248 0.012915 -0.233596 -6.287809 0.000000 0.000000 0.000000 1.000000
-0.201688 -0.346944 -0.915943 -0.178667 -0.088487 0.937791 -0.335735 67.847672 0.975444 0.013336 -0.219842 -6.175488 0.000000 0.000000 0.000000 1.000000
-0.163990 -0.386989 -0.907385 -0.450265 -0.091763 0.921833 -0.376567 68.235870 0.982185 0.021511 -0.186682 -5.861398 0.000000 0.000000 0.000000 1.000000
-0.094077 -0.426111 -0.899766 -0.308607 -0.086791 0.903844 -0.418968 68.684753 0.991775 0.038677 -0.122013 -5.391643 0.000000 0.000000 0.000000 1.000000
0.005768 -0.457198 -0.889346 0.295453 -0.075613 0.886615 -0.456285 69.140472 0.997121 0.069878 -0.029456 -4.796214 0.000000 0.000000 0.000000 1.000000
0.132042 -0.478808 -0.867933 1.308234 -0.056239 0.870571 -0.488819 69.549614 0.989647 0.113357 0.088024 -4.036658 0.000000 0.000000 0.000000 1.000000
0.274669 -0.484384 -0.830620 2.632873 -0.023336 0.860232 -0.509369 69.947731 0.961256 0.159291 0.224975 -3.113839 0.000000 0.000000 0.000000 1.000000
0.416616 -0.474682 -0.775312 4.058185 0.022973 0.858076 -0.513009 70.219894 0.908792 0.195917 0.368393 -1.828361 0.000000 0.000000 0.000000 1.000000
0.562253 -0.435873 -0.702770 5.586387 0.080016 0.874506 -0.478370 70.599792 0.823085 0.212732 0.526570 0.183417 0.000000 0.000000 0.000000 1.000000
0.697243 -0.383199 -0.605814 6.843973 0.141677 0.902119 -0.407564 70.697159 0.702695 0.198341 0.683286 2.688389 0.000000 0.000000 0.000000 1.000000
0.809365 -0.331839 -0.484574 7.808980 0.185623 0.927320 -0.324996 70.741096 0.557201 0.173092 0.812137 5.467688 0.000000 0.000000 0.000000 1.000000
0.898657 -0.267046 -0.347997 8.789455 0.194612 0.953703 -0.229295 71.272049 0.393118 0.138333 0.909022 9.415934 0.000000 0.000000 0.000000 1.000000
0.960436 -0.220862 -0.169656 9.259667 0.197542 0.969657 -0.144023 71.658485 0.196317 0.104810 0.974923 12.404538 0.000000 0.000000 0.000000 1.000000
0.982235 -0.183790 0.037897 9.145489 0.186242 0.979496 -0.076822 71.998627 -0.023001 0.082515 0.996324 14.984610 0.000000 0.000000 0.000000 1.000000
0.956830 -0.158902 0.243366 8.648028 0.165361 0.986214 -0.006209 72.779816 -0.239024 0.046185 0.969915 17.732899 0.000000 0.000000 0.000000 1.000000
0.890705 -0.161506 0.424923 8.461990 0.147705 0.986862 0.065476 73.859703 -0.429915 0.004444 0.902858 20.537329 0.000000 0.000000 0.000000 1.000000
0.758218 -0.188559 0.624141 8.700442 0.120375 0.981296 0.150226 74.586929 -0.640793 -0.038773 0.766734 23.305231 0.000000 0.000000 0.000000 1.000000
0.634432 -0.205319 0.745211 9.201839 0.076734 0.976044 0.203590 74.885254 -0.769161 -0.071981 0.634989 25.891407 0.000000 0.000000 0.000000 1.000000
0.443501 -0.224291 0.867756 9.821127 -0.002270 0.967898 0.251335 74.587601 -0.896271 -0.113437 0.428754 29.294123 0.000000 0.000000 0.000000 1.000000
0.256908 -0.258316 0.931274 10.693572 -0.070605 0.956025 0.284659 73.625252 -0.963853 -0.138884 0.227372 33.530334 0.000000 0.000000 0.000000 1.000000
0.103730 -0.263661 0.959022 11.447966 -0.103599 0.956114 0.274067 71.549736 -0.989195 -0.127783 0.071863 39.020096 0.000000 0.000000 0.000000 1.000000
-0.045162 -0.242182 0.969179 12.007545 -0.107290 0.965734 0.236321 68.498474 -0.993202 -0.093310 -0.069598 45.863411 0.000000 0.000000 0.000000 1.000000
-0.190672 -0.202941 0.960447 12.787735 -0.087931 0.977995 0.189193 66.594482 -0.977708 -0.048380 -0.204321 51.814846 0.000000 0.000000 0.000000 1.000000
-0.334174 -0.135576 0.932709 13.662020 -0.074204 0.990313 0.117363 65.411621 -0.939586 -0.029991 -0.340997 57.253857 0.000000 0.000000 0.000000 1.000000
-0.460518 -0.095418 0.882507 14.374476 -0.099609 0.993481 0.055438 65.118652 -0.882044 -0.062376 -0.467020 61.108040 0.000000 0.000000 0.000000 1.000000
-0.558602 -0.066355 0.826777 14.711540 -0.125374 0.992097 -0.005084 65.416321 -0.819906 -0.106497 -0.562506 63.569653 0.000000 0.000000 0.000000 1.000000
-0.646922 -0.043616 0.761307 14.895815 -0.138240 0.988529 -0.060836 65.950699 -0.749921 -0.144599 -0.645531 65.547035 0.000000 0.000000 0.000000 1.000000
-0.703250 -0.022549 0.710585 14.922288 -0.145736 0.982844 -0.113043 66.170403 -0.695845 -0.183055 -0.694471 66.701843 0.000000 0.000000 0.000000 1.000000
-0.748483 -0.015093 0.662982 14.821704 -0.149109 0.977972 -0.146075 66.050529 -0.646173 -0.208192 -0.734246 67.488007 0.000000 0.000000 0.000000 1.000000
-0.786586 -0.019216 0.617182 14.547780 -0.146844 0.976662 -0.156741 65.787582 -0.599767 -0.213920 -0.771050 68.129692 0.000000 0.000000 0.000000 1.000000
-0.800722 -0.004249 0.599020 14.109034 -0.136908 0.974806 -0.176093 65.640045 -0.583181 -0.223012 -0.781131 68.516548 0.000000 0.000000 0.000000 1.000000
-0.794741 0.015428 0.606753 13.679079 -0.123229 0.974754 -0.186195 65.695496 -0.594308 -0.222746 -0.772776 68.807632 0.000000 0.000000 0.000000 1.000000
-0.779805 0.041424 0.624651 13.225724 -0.108694 0.973694 -0.200262 65.920631 -0.616514 -0.224061 -0.754789 68.946960 0.000000 0.000000 0.000000 1.000000
-0.750725 0.057880 0.658075 12.730558 -0.103671 0.973489 -0.203889 66.362907 -0.652430 -0.221288 -0.724822 68.953682 0.000000 0.000000 0.000000 1.000000
-0.706015 0.063938 0.705305 12.196298 -0.108143 0.974503 -0.196593 66.929482 -0.699892 -0.215071 -0.681099 68.788162 0.000000 0.000000 0.000000 1.000000
-0.646209 0.074381 0.759527 11.691642 -0.109459 0.975915 -0.188701 67.473152 -0.755270 -0.205077 -0.622504 68.405487 0.000000 0.000000 0.000000 1.000000
-0.576544 0.086222 0.812504 11.196209 -0.111179 0.976889 -0.182558 67.834923 -0.809467 -0.195586 -0.553633 67.879280 0.000000 0.000000 0.000000 1.000000
-0.497212 0.100415 0.861799 10.698012 -0.110519 0.977859 -0.177702 68.039276 -0.860562 -0.183601 -0.475105 67.164978 0.000000 0.000000 0.000000 1.000000
-0.406109 0.102368 0.908073 10.163064 -0.111921 0.980653 -0.160603 68.057877 -0.906945 -0.166855 -0.386795 66.073189 0.000000 0.000000 0.000000 1.000000
-0.317212 0.098743 0.943200 9.592148 -0.117630 0.982788 -0.142448 67.999901 -0.941031 -0.156135 -0.300137 64.573112 0.000000 0.000000 0.000000 1.000000
-0.240679 0.101530 0.965280 9.079338 -0.125709 0.982877 -0.134725 68.172157 -0.962430 -0.153769 -0.223794 62.627632 0.000000 0.000000 0.000000 1.000000
-0.170271 0.129285 0.976879 8.486155 -0.133799 0.979141 -0.152906 68.813431 -0.976271 -0.156740 -0.149421 60.115879 0.000000 0.000000 0.000000 1.000000
-0.109266 0.162189 0.980691 7.642931 -0.146181 0.973250 -0.177245 69.976303 -0.983205 -0.162726 -0.082634 56.718742 0.000000 0.000000 0.000000 1.000000
-0.045804 0.187053 0.981281 6.771642 -0.152525 0.969485 -0.191924 71.138741 -0.987238 -0.158461 -0.015876 52.618179 0.000000 0.000000 0.000000 1.000000
0.076632 0.191891 0.978420 6.002045 -0.154308 0.971765 -0.178500 72.122559 -0.985047 -0.137299 0.104079 47.917507 0.000000 0.000000 0.000000 1.000000
0.245263 0.182896 0.952048 4.997414 -0.150123 0.977362 -0.149085 72.856049 -0.957763 -0.106359 0.267168 42.826759 0.000000 0.000000 0.000000 1.000000
0.418285 0.154811 0.895026 4.063768 -0.141580 0.984437 -0.104110 73.487114 -0.897214 -0.083171 0.433693 37.636467 0.000000 0.000000 0.000000 1.000000
0.582022 0.127897 0.803052 3.457779 -0.128400 0.989619 -0.064551 73.882774 -0.802972 -0.065541 0.592402 32.473946 0.000000 0.000000 0.000000 1.000000
0.720057 0.110484 0.685063 3.253653 -0.119095 0.992271 -0.034850 73.926193 -0.683619 -0.056494 0.727650 28.793253 0.000000 0.000000 0.000000 1.000000
0.827108 0.106745 0.551814 3.465958 -0.113692 0.993278 -0.021732 73.958885 -0.550425 -0.044762 0.833684 25.711666 0.000000 0.000000 0.000000 1.000000
0.908924 0.103276 0.403970 3.892611 -0.110734 0.993838 -0.004928 73.822731 -0.401989 -0.040254 0.914759 23.133453 0.000000 0.000000 0.000000 1.000000
0.962394 0.098075 0.253337 4.106349 -0.103886 0.994543 0.009628 73.610573 -0.251010 -0.035584 0.967330 20.922989 0.000000 0.000000 0.000000 1.000000
0.989782 0.086699 0.113204 3.989407 -0.090071 0.995621 0.025018 73.441391 -0.110540 -0.034959 0.993257 19.045620 0.000000 0.000000 0.000000 1.000000
0.996232 0.081584 -0.029437 3.675831 -0.080484 0.996076 0.036799 73.088860 0.032324 -0.034292 0.998889 17.278511 0.000000 0.000000 0.000000 1.000000
0.984308 0.081182 -0.156678 2.992380 -0.076046 0.996360 0.038510 72.588631 0.159235 -0.025991 0.986899 15.447412 0.000000 0.000000 0.000000 1.000000
0.962795 0.076455 -0.259191 2.152061 -0.065966 0.996621 0.048939 72.093353 0.262057 -0.030021 0.964585 13.603743 0.000000 0.000000 0.000000 1.000000
0.934646 0.072548 -0.348101 1.123727 -0.055497 0.996731 0.058721 71.361031 0.351223 -0.035564 0.935616 11.615274 0.000000 0.000000 0.000000 1.000000
0.902968 0.060982 -0.425359 0.039017 -0.042715 0.997714 0.052362 70.433182 0.427580 -0.029112 0.903509 9.318300 0.000000 0.000000 0.000000 1.000000
0.871725 0.045069 -0.487918 -0.976806 -0.025140 0.998563 0.047321 69.674026 0.489350 -0.028985 0.871606 7.348173 0.000000 0.000000 0.000000 1.000000
0.839766 0.031143 -0.542055 -1.695412 -0.010407 0.999094 0.041278 69.076317 0.542849 -0.029022 0.839328 5.677096 0.000000 0.000000 0.000000 1.000000
0.805012 0.017504 -0.593000 -2.132526 -0.000033 0.999566 0.029459 68.629845 0.593259 -0.023695 0.804663 4.628074 0.000000 0.000000 0.000000 1.000000
0.770794 0.002346 -0.637080 -2.473939 0.014864 0.999655 0.021665 68.047043 0.636911 -0.026169 0.770493 4.089231 0.000000 0.000000 0.000000 1.000000
0.744203 -0.013348 -0.667820 -3.031260 0.034874 0.999213 0.018891 67.524719 0.667042 -0.037348 0.744083 3.551587 0.000000 0.000000 0.000000 1.000000
0.729552 -0.023183 -0.683533 -3.168386 0.044070 0.998942 0.013156 67.116463 0.682504 -0.039722 0.729801 3.217401 0.000000 0.000000 0.000000 1.000000
0.716540 -0.032059 -0.696809 -3.204651 0.051378 0.998656 0.006886 66.758842 0.695652 -0.040735 0.717224 3.027618 0.000000 0.000000 0.000000 1.000000
0.705153 -0.040055 -0.707923 -3.151540 0.056908 0.998379 0.000195 66.388947 0.706768 -0.040424 0.706290 2.898233 0.000000 0.000000 0.000000 1.000000
0.695350 -0.047222 -0.717118 -3.003507 0.060743 0.998130 -0.006827 66.001167 0.716099 -0.038813 0.696919 2.802223 0.000000 0.000000 0.000000 1.000000
0.687049 -0.053735 -0.724622 -2.791962 0.063170 0.997903 -0.014105 65.624413 0.723860 -0.036084 0.689003 2.699217 0.000000 0.000000 0.000000 1.000000
0.680148 -0.059879 -0.730625 -2.586303 0.064657 0.997674 -0.021576 65.312408 0.730218 -0.032566 0.682437 2.551182 0.000000 0.000000 0.000000 1.000000
0.674508 -0.065629 -0.735345 -2.407807 0.065218 0.997444 -0.029198 65.084702 0.735381 -0.028264 0.677064 2.286377 0.000000 0.000000 0.000000 1.000000
0.669979 -0.070991 -0.738978 -2.208639 0.064917 0.997207 -0.036943 64.893974 0.739537 -0.023221 0.672716 2.012294 0.000000 0.000000 0.000000 1.000000
0.666422 -0.075992 -0.741691 -1.985035 0.063844 0.996955 -0.044782 64.716682 0.742836 -0.017509 0.669245 1.767005 0.000000 0.000000 0.000000 1.000000
0.663670 -0.080699 -0.743660 -1.741546 0.062146 0.996675 -0.052693 64.554939 0.745439 -0.011244 0.666479 1.547073 0.000000 0.000000 0.000000 1.000000
0.661545 -0.085175 -0.745052 -1.482874 0.059968 0.996356 -0.060658 64.410988 0.747504 -0.004552 0.664242 1.348690 0.000000 0.000000 0.000000 1.000000
0.659866 -0.089491 -0.746035 -1.213663 0.057454 0.995985 -0.068656 64.287064 0.749184 0.002442 0.662358 1.168176 0.000000 0.000000 0.000000 1.000000
0.658446 -0.093714 -0.746771 -0.958812 0.054737 0.995553 -0.076671 64.184677 0.750635 0.009608 0.660648 1.003365 0.000000 0.000000 0.000000 1.000000
0.657096 -0.097920 -0.747420 -0.709351 0.051958 0.995052 -0.084683 64.106270 0.752014 0.016810 0.658933 0.848967 0.000000 0.000000 0.000000 1.000000
0.655623 -0.102189 -0.748142 -0.463945 0.049255 0.994478 -0.092672 64.053871 0.753480 0.023908 0.657036 0.700272 0.000000 0.000000 0.000000 1.000000
0.653831 -0.106601 -0.749094 -0.220708 0.046758 0.993826 -0.100617 64.039330 0.755195 0.030761 0.654778 0.553408 0.000000 0.000000 0.000000 1.000000
0.651512 -0.111240 -0.750438 0.023091 0.044591 0.993096 -0.108498 64.109863 0.757327 0.037225 0.651974 0.403579 0.000000 0.000000 0.000000 1.000000
0.648469 -0.116194 -0.752321 0.268803 0.042883 0.992289 -0.116293 64.250633 0.760033 0.043151 0.648451 0.245980 0.000000 0.000000 0.000000 1.000000
0.644497 -0.121552 -0.754884 0.517447 0.041762 0.991405 -0.123982 64.436676 0.763466 0.048381 0.644034 0.075965 0.000000 0.000000 0.000000 1.000000
0.639387 -0.127403 -0.758256 0.770074 0.041350 0.990447 -0.131548 64.643394 0.767772 0.052757 0.638547 -0.111428 0.000000 0.000000 0.000000 1.000000</float_array>
        <technique_common>
          <accessor source="#mixamorig_Hips-Matrix-animation-output-transform-array" count="96" stride="16">
            <param type="float4x4"/>
          </accessor>
        </technique_common>
      </source>
      <source id="mixamorig_Hips-Interpolations">
        <Name_array id="mixamorig_Hips-Interpolations-array" count="96">
 LINEAR LINEAR LINEAR LINEAR LINEAR LINEAR LINEAR LINEAR LINEAR LINEAR LINEAR
LINEAR LINEAR LINEAR LINEAR LINEAR LINEAR LINEAR LINEAR LINEAR LINEAR LINEAR LINEAR
LINEAR LINEAR LINEAR LINEAR LINEAR LINEAR LINEAR LINEAR LINEAR LINEAR LINEAR LINEAR
LINEAR LINEAR LINEAR LINEAR LINEAR LINEAR LINEAR LINEAR LINEAR LINEAR LINEAR LINEAR
LINEAR LINEAR LINEAR LINEAR LINEAR LINEAR LINEAR LINEAR LINEAR LINEAR LINEAR LINEAR
LINEAR LINEAR LINEAR LINEAR LINEAR LINEAR LINEAR LINEAR LINEAR LINEAR LINEAR LINEAR
LINEAR LINEAR LINEAR LINEAR LINEAR LINEAR LINEAR LINEAR LINEAR LINEAR LINEAR LINEAR
LINEAR LINEAR LINEAR LINEAR LINEAR LINEAR LINEAR LINEAR LINEAR LINEAR LINEAR LINEAR
LINEAR</Name_array>
        <technique_common>
          <accessor source="#mixamorig_Hips-Interpolations-array" count="96">
            <param type="name"/>
          </accessor>
        </technique_common>
      </source>
      <sampler id="mixamorig_Hips-Matrix-animation-transform">
        <input semantic="INPUT" source="#mixamorig_Hips-Matrix-animation-input"/>
        <input semantic="OUTPUT" source="#mixamorig_Hips-Matrix-animation-output-transform"/>
        <input semantic="INTERPOLATION" source="#mixamorig_Hips-Interpolations"/>
      </sampler>
      <channel source="#mixamorig_Hips-Matrix-animation-transform" target="mixamorig_Hips/matrix"/>
    </animation>
    <animation id="mixamorig_Spine-anim" name="mixamorig_Spine">
      <source id="mixamorig_Spine-Matrix-animation-input">
        <float_array id="mixamorig_Spine-Matrix-animation-input-array" count="96">

0.000000 0.033333 0.066667 0.100000 0.133333 0.166667 0.200000 0.233333 0.266667 0.300000 0.333333 0.366667 0.400000 0.433333 0.466667 0.500000
0.533333 0.566667 0.600000 0.633333 0.666667 0.700000 0.733333 0.766667 0.800000 0.833333 0.866667 0.900000 0.933333 0.966667 1.000000 1.033333
1.066667 1.100000 1.133333 1.166667 1.200000 1.233333 1.266667 1.300000 1.333333 1.366667 1.400000 1.433333 1.466667 1.500000 1.533333 1.566667
1.600000 1.633333 1.666667 1.700000 1.733333 1.766667 1.800000 1.833333 1.866667 1.900000 1.933333 1.966667 2.000000 2.033333 2.066667 2.100000
2.133333 2.166667 2.200000 2.233333 2.266667 2.300000 2.333333 2.366667 2.400000 2.433333 2.466667 2.500000 2.533333 2.566667 2.600000 2.633333
2.666667 2.700000 2.733333 2.766667 2.800000 2.833333 2.866667 2.900000 2.933333 2.966667 3.000000 3.033333 3.066667 3.100000 3.133333 3.166667</float_array>
        <technique_common>
          <accessor source="#mixamorig_Spine-Matrix-animation-input-array" count="96">
            <param name="TIME" type="float"/>
          </accessor>
        </technique_common>
      </source>
      <source id="mixamorig_Spine-Matrix-animation-output-transform">
        <float_array id="mixamorig_Spine-Matrix-animation-output-transform-array" count="1536">

0.998297 0.035845 0.046023 0.000000 -0.026070 0.979913 -0.197716 12.667600 -0.052186 0.196179 0.979178 0.098400 0.000000 0.000000 0.000000 1.000000
0.998436 0.032712 0.045341 -0.000000 -0.023305 0.980661 -0.194320 12.667600 -0.050821 0.192960 0.979890 0.098400 0.000000 0.000000 0.000000 1.000000
0.998482 0.036409 0.041330 0.000000 -0.027548 0.979878 -0.197688 12.667600 -0.047696 0.196250 0.979393 0.098400 0.000000 0.000000 0.000000 1.000000
0.998680 0.035842 0.036791 0.000000 -0.027877 0.979836 -0.197848 12.667600 -0.043141 0.196561 0.979542 0.098400 0.000000 0.000000 0.000000 1.000000
0.998903 0.035100 0.030984 0.000000 -0.028272 0.979712 -0.198404 12.667600 -0.037319 0.197311 0.979630 0.098400 0.000000 0.000000 0.000000 1.000000
0.999137 0.034227 0.023551 0.000000 -0.028850 0.979462 -0.199552 12.667600 -0.029897 0.198700 0.979604 0.098400 0.000000 0.000000 0.000000 1.000000
0.999396 0.031730 0.014191 -0.000000 -0.028224 0.979088 -0.201467 12.667600 -0.020287 0.200945 0.979392 0.098400 0.000000 0.000000 0.000000 1.000000
0.999616 0.027588 0.002413 -0.000000 -0.026504 0.978299 -0.205494 12.667600 -0.008030 0.205351 0.978655 0.098400 0.000000 0.000000 0.000000 1.000000
0.999629 0.022213 -0.015787 0.000000 -0.025060 0.976894 -0.212249 12.667600 0.010708 0.212566 0.977088 0.098400 0.000000 0.000000 0.000000 1.000000
0.999062 0.017498 -0.039619 0.000000 -0.025861 0.974796 -0.221595 12.667600 0.034743 0.222412 0.974334 0.098400 0.000000 0.000000 0.000000 1.000000
0.998086 0.012838 -0.060489 0.000000 -0.026603 0.972207 -0.232608 12.667600 0.055822 0.233772 0.970688 0.098400 0.000000 0.000000 0.000000 1.000000
0.997126 0.008471 -0.075286 0.000000 -0.026609 0.969581 -0.243320 12.667600 0.070935 0.244624 0.967020 0.098400 0.000000 0.000000 0.000000 1.000000
0.996261 0.006760 -0.086130 0.000000 -0.028232 0.967676 -0.250611 12.667600 0.081652 0.252106 0.964249 0.098400 0.000000 0.000000 0.000000 1.000000
0.995514 0.003801 -0.094543 -0.000000 -0.028226 0.965627 -0.258393 12.667600 0.090311 0.259903 0.961402 0.098400 0.000000 0.000000 0.000000 1.000000
0.994914 -0.000615 -0.100722 0.000000 -0.025996 0.964534 -0.262674 12.667600 0.097311 0.263957 0.959613 0.098400 0.000000 0.000000 0.000000 1.000000
0.994408 -0.009440 -0.105183 0.000000 -0.018980 0.963802 -0.265942 12.667600 0.103886 0.266451 0.958234 0.098400 0.000000 0.000000 0.000000 1.000000
0.993648 -0.021887 -0.110384 0.000000 -0.008648 0.963151 -0.268822 12.667600 0.112200 0.268069 0.956844 0.098400 0.000000 0.000000 0.000000 1.000000
0.992746 -0.038864 -0.113780 0.000000 0.006580 0.962462 -0.271338 12.667600 0.120054 0.268621 0.955735 0.098400 0.000000 0.000000 0.000000 1.000000
0.991740 -0.060117 -0.113305 0.000000 0.027368 0.962199 -0.270968 12.667600 0.125312 0.265629 0.955897 0.098400 0.000000 0.000000 0.000000 1.000000
0.990750 -0.081180 -0.108740 0.000000 0.049547 0.962408 -0.267052 12.667600 0.126331 0.259194 0.957528 0.098400 0.000000 0.000000 0.000000 1.000000
0.990029 -0.100560 -0.098646 0.000000 0.072118 0.963375 -0.258279 12.667600 0.121006 0.248589 0.961021 0.098400 0.000000 0.000000 0.000000 1.000000
0.989238 -0.119246 -0.084784 0.000000 0.094577 0.963276 -0.251307 12.667600 0.111637 0.240584 0.964187 0.098400 0.000000 0.000000 0.000000 1.000000
0.988162 -0.136057 -0.070884 0.000000 0.115299 0.963427 -0.241898 12.667600 0.101204 0.230861 0.967709 0.098400 0.000000 0.000000 0.000000 1.000000
0.987183 -0.149880 -0.054825 0.000000 0.133553 0.963902 -0.230338 12.667600 0.087369 0.220064 0.971565 0.098400 0.000000 0.000000 0.000000 1.000000
0.986071 -0.162627 -0.034875 0.000000 0.151213 0.963880 -0.219248 12.667600 0.069271 0.210920 0.975046 0.098400 0.000000 0.000000 0.000000 1.000000
0.984982 -0.171528 -0.019711 0.000000 0.163963 0.965039 -0.204490 12.667600 0.054098 0.198187 0.978670 0.098400 0.000000 0.000000 0.000000 1.000000
0.984388 -0.175741 -0.009735 -0.000000 0.171029 0.968132 -0.182944 12.667600 0.041575 0.178423 0.983075 0.098400 0.000000 0.000000 0.000000 1.000000
0.984840 -0.173464 -0.000156 -0.000000 0.171216 0.972219 -0.159609 12.667600 0.027838 0.157163 0.987180 0.098400 0.000000 0.000000 0.000000 1.000000
0.986907 -0.160924 0.010885 -0.000000 0.160803 0.976423 -0.144015 12.667600 0.012547 0.143880 0.989516 0.098400 0.000000 0.000000 0.000000 1.000000
0.989917 -0.141216 0.011047 0.000000 0.141406 0.980671 -0.135239 12.667600 0.008264 0.135437 0.990751 0.098400 0.000000 0.000000 0.000000 1.000000
0.993005 -0.115637 0.023866 0.000000 0.117751 0.984788 -0.127780 12.667600 -0.008727 0.129696 0.991515 0.098400 0.000000 0.000000 0.000000 1.000000
0.996081 -0.085654 0.022025 0.000000 0.087728 0.988467 -0.123441 12.667600 -0.011197 0.124890 0.992107 0.098400 0.000000 0.000000 0.000000 1.000000
0.998256 -0.057482 0.013417 0.000000 0.058724 0.990128 -0.127271 12.667600 -0.005968 0.127837 0.991777 0.098400 0.000000 0.000000 0.000000 1.000000
0.999599 -0.028198 -0.002468 0.000000 0.027635 0.991072 -0.130432 12.667600 0.006124 0.130311 0.991454 0.098400 0.000000 0.000000 0.000000 1.000000
0.999829 -0.003526 -0.018139 -0.000000 0.000988 0.990421 -0.138076 12.667600 0.018452 0.138034 0.990256 0.098400 0.000000 0.000000 0.000000 1.000000
0.999463 0.018545 -0.027029 0.000000 -0.022328 0.988860 -0.147167 12.667600 0.023998 0.147692 0.988742 0.098400 0.000000 0.000000 0.000000 1.000000
0.998572 0.042042 -0.032952 -0.000000 -0.046560 0.987415 -0.151140 12.667600 0.026183 0.152459 0.987963 0.098400 0.000000 0.000000 0.000000 1.000000
0.998054 0.057539 -0.024043 0.000000 -0.060718 0.984529 -0.164367 12.667600 0.014214 0.165507 0.986106 0.098400 0.000000 0.000000 0.000000 1.000000
0.997765 0.066610 -0.005360 -0.000000 -0.066477 0.981186 -0.181260 12.667600 -0.006815 0.181212 0.983421 0.098400 0.000000 0.000000 0.000000 1.000000
0.997103 0.075267 0.010946 0.000000 -0.071615 0.977540 -0.198211 12.667600 -0.025619 0.196853 0.980098 0.098400 0.000000 0.000000 0.000000 1.000000
0.996518 0.079807 0.024145 -0.000000 -0.073103 0.975539 -0.207315 12.667600 -0.040100 0.204828 0.977976 0.098400 0.000000 0.000000 0.000000 1.000000
0.996146 0.079511 0.037033 0.000000 -0.069851 0.974479 -0.213334 12.667600 -0.053050 0.209925 0.976277 0.098400 0.000000 0.000000 0.000000 1.000000
0.996057 0.071480 0.052539 -0.000000 -0.057929 0.972628 -0.225033 12.667600 -0.067186 0.221102 0.972934 0.098400 0.000000 0.000000 0.000000 1.000000
0.995861 0.065772 0.062721 -0.000000 -0.049760 0.972084 -0.229294 12.667600 -0.076052 0.225224 0.971334 0.098400 0.000000 0.000000 0.000000 1.000000
0.995932 0.062742 0.064670 0.000000 -0.046083 0.971433 -0.232796 12.667600 -0.077428 0.228869 0.970373 0.098400 0.000000 0.000000 0.000000 1.000000
0.996041 0.061795 0.063909 0.000000 -0.045316 0.971415 -0.233023 12.667600 -0.076482 0.229205 0.970369 0.098400 0.000000 0.000000 0.000000 1.000000
0.996281 0.059950 0.061883 0.000000 -0.044040 0.971649 -0.232292 12.667600 -0.074055 0.228703 0.970675 0.098400 0.000000 0.000000 0.000000 1.000000
0.996511 0.056928 0.061041 -0.000000 -0.041458 0.972313 -0.229974 12.667600 -0.072443 0.226641 0.971280 0.098400 0.000000 0.000000 0.000000 1.000000
0.996706 0.055780 0.058874 0.000000 -0.041169 0.973421 -0.225293 12.667600 -0.069876 0.222127 0.972511 0.098400 0.000000 0.000000 0.000000 1.000000
0.996935 0.055581 0.055060 0.000000 -0.042261 0.974840 -0.218865 12.667600 -0.065839 0.215867 0.974200 0.098400 0.000000 0.000000 0.000000 1.000000
0.997134 0.057377 0.049302 0.000000 -0.045643 0.976037 -0.212762 12.667600 -0.060328 0.209902 0.975859 0.098400 0.000000 0.000000 0.000000 1.000000
0.997452 0.058774 0.040446 0.000000 -0.048948 0.976173 -0.211401 12.667600 -0.051907 0.208883 0.976562 0.098400 0.000000 0.000000 0.000000 1.000000
0.997910 0.058719 0.026958 0.000000 -0.051701 0.975925 -0.211889 12.667600 -0.038751 0.210053 0.976922 0.098400 0.000000 0.000000 0.000000 1.000000
0.998307 0.057100 0.011104 0.000000 -0.053490 0.976126 -0.210517 12.667600 -0.022859 0.209567 0.977527 0.098400 0.000000 0.000000 0.000000 1.000000
0.998684 0.051071 -0.004599 -0.000000 -0.050951 0.978201 -0.201315 12.667600 -0.005782 0.201285 0.979516 0.098400 0.000000 0.000000 0.000000 1.000000
0.999016 0.040424 -0.018236 0.000000 -0.043172 0.980558 -0.191422 12.667600 0.010143 0.192021 0.981338 0.098400 0.000000 0.000000 0.000000 1.000000
0.999062 0.028895 -0.032266 0.000000 -0.034419 0.981862 -0.186444 12.667600 0.026293 0.187380 0.981936 0.098400 0.000000 0.000000 0.000000 1.000000
0.998943 0.021922 -0.040390 0.000000 -0.029125 0.981847 -0.187425 12.667600 0.035548 0.188403 0.981448 0.098400 0.000000 0.000000 0.000000 1.000000
0.998869 0.018948 -0.043611 0.000000 -0.026822 0.981854 -0.187732 12.667600 0.039263 0.188690 0.981252 0.098400 0.000000 0.000000 0.000000 1.000000
0.998968 0.014586 -0.043021 -0.000000 -0.022348 0.982319 -0.185879 12.667600 0.039549 0.186648 0.981630 0.098400 0.000000 0.000000 0.000000 1.000000
0.999167 0.007080 -0.040200 0.000000 -0.014351 0.982901 -0.183576 12.667600 0.038213 0.184000 0.982183 0.098400 0.000000 0.000000 0.000000 1.000000
0.999267 -0.003883 -0.038071 0.000000 -0.003125 0.983237 -0.182304 12.667600 0.038141 0.182290 0.982505 0.098400 0.000000 0.000000 0.000000 1.000000
0.999226 -0.014946 -0.036382 0.000000 0.008149 0.983583 -0.180275 12.667600 0.038479 0.179839 0.982943 0.098400 0.000000 0.000000 0.000000 1.000000
0.999099 -0.025700 -0.033762 0.000000 0.019180 0.983306 -0.180948 12.667600 0.037849 0.180138 0.982913 0.098400 0.000000 0.000000 0.000000 1.000000
0.999025 -0.032111 -0.030309 0.000000 0.026099 0.983085 -0.181283 12.667600 0.035617 0.180315 0.982964 0.098400 0.000000 0.000000 0.000000 1.000000
0.999091 -0.033824 -0.025959 -0.000000 0.028565 0.982989 -0.181431 12.667600 0.031655 0.180524 0.983061 0.098400 0.000000 0.000000 0.000000 1.000000
0.999161 -0.035387 -0.020605 0.000000 0.031093 0.983073 -0.180554 12.667600 0.026646 0.179762 0.983349 0.098400 0.000000 0.000000 0.000000 1.000000
0.999178 -0.036523 -0.017584 -0.000000 0.032796 0.983324 -0.178882 12.667600 0.023824 0.178158 0.983713 0.098400 0.000000 0.000000 0.000000 1.000000
0.999243 -0.034647 -0.017702 0.000000 0.030879 0.983011 -0.180933 12.667600 0.023670 0.180250 0.983336 0.098400 0.000000 0.000000 0.000000 1.000000
0.999331 -0.031867 -0.017962 0.000000 0.028055 0.982770 -0.182693 12.667600 0.023475 0.182067 0.983006 0.098400 0.000000 0.000000 0.000000 1.000000
0.999422 -0.029192 -0.017411 0.000000 0.025580 0.983281 -0.180291 12.667600 0.022383 0.179742 0.983459 0.098400 0.000000 0.000000 0.000000 1.000000
0.999482 -0.026686 -0.018010 0.000000 0.023007 0.983354 -0.180239 12.667600 0.022520 0.179731 0.983458 0.098400 0.000000 0.000000 0.000000 1.000000
0.999440 -0.027709 -0.018739 -0.000000 0.023821 0.982856 -0.182829 12.667600 0.023484 0.182280 0.982966 0.098400 0.000000 0.000000 0.000000 1.000000
0.999330 -0.031419 -0.018796 0.000000 0.027366 0.982049 -0.186631 12.667600 0.024322 0.185991 0.982250 0.098400 0.000000 0.000000 0.000000 1.000000
0.999276 -0.033004 -0.018914 0.000000 0.028803 0.981263 -0.190506 12.667600 0.024848 0.189823 0.981504 0.098400 0.000000 0.000000 0.000000 1.000000
0.999157 -0.033344 -0.023961 -0.000000 0.028053 0.980470 -0.194656 12.667600 0.029984 0.193820 0.980579 0.098400 0.000000 0.000000 0.000000 1.000000
0.999186 -0.031710 -0.024920 0.000000 0.026212 0.980198 -0.196275 12.667600 0.030651 0.195462 0.980232 0.098400 0.000000 0.000000 0.000000 1.000000
0.999247 -0.029748 -0.024921 -0.000000 0.024247 0.979989 -0.197570 12.667600 0.030300 0.196817 0.979972 0.098400 0.000000 0.000000 0.000000 1.000000
0.999332 -0.027531 -0.024035 0.000000 0.022218 0.979837 -0.198561 12.667600 0.029017 0.197895 0.979794 0.098400 0.000000 0.000000 0.000000 1.000000
0.999434 -0.025161 -0.022336 0.000000 0.020212 0.979733 -0.199285 12.667600 0.026897 0.198720 0.979687 0.098400 0.000000 0.000000 0.000000 1.000000
0.999547 -0.022549 -0.019933 0.000000 0.018116 0.979676 -0.199769 12.667600 0.024033 0.199317 0.979640 0.098400 0.000000 0.000000 0.000000 1.000000
0.999667 -0.019421 -0.017006 0.000000 0.015629 0.979662 -0.200045 12.667600 0.020545 0.199713 0.979639 0.098400 0.000000 0.000000 0.000000 1.000000
0.999794 -0.015060 -0.013638 0.000000 0.012043 0.979885 -0.199199 12.667600 0.016363 0.198994 0.979864 0.098400 0.000000 0.000000 0.000000 1.000000
0.999881 -0.011993 -0.009723 0.000000 0.009809 0.979782 -0.199826 12.667600 0.011923 0.199706 0.979783 0.098400 0.000000 0.000000 0.000000 1.000000
0.999931 -0.010437 -0.005342 0.000000 0.009142 0.979317 -0.202127 12.667600 0.007342 0.202064 0.979345 0.098400 0.000000 0.000000 0.000000 1.000000
0.999934 -0.011491 -0.000494 0.000000 0.011139 0.978225 -0.207247 12.667600 0.002865 0.207228 0.978289 0.098400 0.000000 0.000000 0.000000 1.000000
0.999903 -0.013115 0.004641 -0.000000 0.013802 0.976957 -0.212988 12.667600 -0.001741 0.213031 0.977044 0.098400 0.000000 0.000000 0.000000 1.000000
0.999835 -0.015180 0.009984 0.000000 0.017000 0.975536 -0.219184 12.667600 -0.006412 0.219317 0.975633 0.098400 0.000000 0.000000 0.000000 1.000000
0.999752 -0.016140 0.015357 -0.000000 0.019173 0.974361 -0.224171 12.667600 -0.011345 0.224410 0.974429 0.098400 0.000000 0.000000 0.000000 1.000000
0.999668 -0.015411 0.020625 -0.000000 0.019700 0.973614 -0.227349 12.667600 -0.016577 0.227680 0.973595 0.098400 0.000000 0.000000 0.000000 1.000000
0.999576 -0.013540 0.025765 0.000000 0.019093 0.973160 -0.229336 12.667600 -0.021969 0.229731 0.973006 0.098400 0.000000 0.000000 0.000000 1.000000
0.999483 -0.009728 0.030631 0.000000 0.016500 0.973212 -0.229315 12.667600 -0.027579 0.229702 0.972870 0.098400 0.000000 0.000000 0.000000 1.000000
0.999370 -0.004376 0.035214 -0.000000 0.012288 0.973642 -0.227750 12.667600 -0.033289 0.228039 0.973083 0.098400 0.000000 0.000000 0.000000 1.000000
0.999214 0.005703 0.039226 -0.000000 0.003120 0.975205 -0.221280 12.667600 -0.039515 0.221229 0.974421 0.098400 0.000000 0.000000 0.000000 1.000000
0.998876 0.020544 0.042726 0.000000 -0.011134 0.977678 -0.209813 12.667600 -0.046083 0.209101 0.976808 0.098400 0.000000 0.000000 0.000000 1.000000
0.998297 0.035834 0.046027 0.000000 -0.026061 0.979923 -0.197664 12.667600 -0.052186 0.196128 0.979189 0.098400 0.000000 0.000000 0.000000 1.000000</float_array>
        <technique_common>
          <accessor source="#mixamorig_Spine-Matrix-animation-output-transform-array" count="96" stride="16">
            <param type="float4x4"/>
          </accessor>
        </technique_common>
      </source>
      <source id="mixamorig_Spine-Interpolations">
        <Name_array id="mixamorig_Spine-Interpolations-array" count="96">
 LINEAR LINEAR LINEAR LINEAR LINEAR LINEAR LINEAR LINEAR LINEAR LINEAR LINEAR
LINEAR LINEAR LINEAR LINEAR LINEAR LINEAR LINEAR LINEAR LINEAR LINEAR LINEAR LINEAR
LINEAR LINEAR LINEAR LINEAR LINEAR LINEAR LINEAR LINEAR LINEAR LINEAR LINEAR LINEAR
LINEAR LINEAR LINEAR LINEAR LINEAR LINEAR LINEAR LINEAR LINEAR LINEAR LINEAR LINEAR
LINEAR LINEAR LINEAR LINEAR LINEAR LINEAR LINEAR LINEAR LINEAR LINEAR LINEAR LINEAR
LINEAR LINEAR LINEAR LINEAR LINEAR LINEAR LINEAR LINEAR LINEAR LINEAR LINEAR LINEAR
LINEAR LINEAR LINEAR LINEAR LINEAR LINEAR LINEAR LINEAR LINEAR LINEAR LINEAR LINEAR
LINEAR LINEAR LINEAR LINEAR LINEAR LINEAR LINEAR LINEAR LINEAR LINEAR LINEAR LINEAR
LINEAR</Name_array>
        <technique_common>
          <accessor source="#mixamorig_Spine-Interpolations-array" count="96">
            <param type="name"/>
          </accessor>
        </technique_common>
      </source>
      <sampler id="mixamorig_Spine-Matrix-animation-transform">
        <input semantic="INPUT" source="#mixamorig_Spine-Matrix-animation-input"/>
        <input semantic="OUTPUT" source="#mixamorig_Spine-Matrix-animation-output-transform"/>
        <input semantic="INTERPOLATION" source="#mixamorig_Spine-Interpolations"/>
      </sampler>
      <channel source="#mixamorig_Spine-Matrix-animation-transform" target="mixamorig_Spine/matrix"/>
    </animation>
    <animation id="mixamorig_Spine1-anim" name="mixamorig_Spine1">
      <source id="mixamorig_Spine1-Matrix-animation-input">
        <float_array id="mixamorig_Spine1-Matrix-animation-input-array" count="96">

0.000000 0.033333 0.066667 0.100000 0.133333 0.166667 0.200000 0.233333 0.266667 0.300000 0.333333 0.366667 0.400000 0.433333 0.466667 0.500000
0.533333 0.566667 0.600000 0.633333 0.666667 0.700000 0.733333 0.766667 0.800000 0.833333 0.866667 0.900000 0.933333 0.966667 1.000000 1.033333
1.066667 1.100000 1.133333 1.166667 1.200000 1.233333 1.266667 1.300000 1.333333 1.366667 1.400000 1.433333 1.466667 1.500000 1.533333 1.566667
1.600000 1.633333 1.666667 1.700000 1.733333 1.766667 1.800000 1.833333 1.866667 1.900000 1.933333 1.966667 2.000000 2.033333 2.066667 2.100000
2.133333 2.166667 2.200000 2.233333 2.266667 2.300000 2.333333 2.366667 2.400000 2.433333 2.466667 2.500000 2.533333 2.566667 2.600000 2.633333
2.666667 2.700000 2.733333 2.766667 2.800000 2.833333 2.866667 2.900000 2.933333 2.966667 3.000000 3.033333 3.066667 3.100000 3.133333 3.166667</float_array>
        <technique_common>
          <accessor source="#mixamorig_Spine1-Matrix-animation-input-array" count="96">
            <param name="TIME" type="float"/>
          </accessor>
        </technique_common>
      </source>
      <source id="mixamorig_Spine1-Matrix-animation-output-transform">
        <float_array id="mixamorig_Spine1-Matrix-animation-output-transform-array" count="1536">

0.992503 0.075111 0.096421 0.000000 -0.064816 0.992273 -0.105796 14.779300 -0.103622 0.098753 0.989702 0.000000 0.000000 0.000000 0.000000 1.000000
0.992079 0.082825 0.094437 -0.000000 -0.072451 0.991459 -0.108443 14.779300 -0.102613 0.100742 0.989607 -0.000000 0.000000 0.000000 0.000000 1.000000
0.991825 0.089184 0.091268 0.000000 -0.078946 0.990767 -0.110216 14.779300 -0.100255 0.102110 0.989708 -0.000000 0.000000 0.000000 0.000000 1.000000
0.991572 0.097240 0.085617 -0.000000 -0.087121 0.989550 -0.114891 14.779300 -0.095894 0.106464 0.989682 0.000000 0.000000 0.000000 0.000000 1.000000
0.991423 0.105231 0.077499 0.000000 -0.095398 0.988034 -0.121192 14.779300 -0.089325 0.112760 0.989599 0.000000 0.000000 0.000000 0.000000 1.000000
0.991405 0.112601 0.066605 0.000000 -0.103341 0.986232 -0.129099 14.779300 -0.080225 0.121106 0.989392 0.000000 0.000000 0.000000 0.000000 1.000000
0.991517 0.118849 0.052614 0.000000 -0.110611 0.984152 -0.138603 14.779300 -0.068253 0.131608 0.988949 0.000000 0.000000 0.000000 0.000000 1.000000
0.991764 0.123130 0.035258 0.000000 -0.116417 0.981402 -0.152631 14.779300 -0.053396 0.147269 0.987654 0.000000 0.000000 0.000000 0.000000 1.000000
0.991968 0.125703 0.014103 0.000000 -0.121410 0.977466 -0.172684 14.779300 -0.035492 0.169585 0.984876 -0.000000 0.000000 0.000000 0.000000 1.000000
0.991681 0.126576 -0.023377 0.000000 -0.128699 0.972063 -0.196293 14.779300 -0.002122 0.197668 0.980267 0.000000 0.000000 0.000000 0.000000 1.000000
0.990366 0.125951 -0.057541 0.000000 -0.135726 0.965297 -0.223113 14.779300 0.027443 0.228774 0.973093 0.000000 0.000000 0.000000 0.000000 1.000000
0.989054 0.122912 -0.081633 0.000000 -0.139644 0.958424 -0.248844 14.779300 0.047653 0.257520 0.965097 0.000000 0.000000 0.000000 0.000000 1.000000
0.987820 0.119350 -0.099834 0.000000 -0.142088 0.953412 -0.266116 14.779300 0.063422 0.277060 0.958757 0.000000 0.000000 0.000000 0.000000 1.000000
0.987291 0.109926 -0.114775 0.000000 -0.138690 0.948592 -0.284495 14.779300 0.077602 0.296798 0.951782 0.000000 0.000000 0.000000 0.000000 1.000000
0.987285 0.098388 -0.124854 0.000000 -0.131560 0.946592 -0.294374 14.779300 0.089223 0.307057 0.947499 -0.000000 0.000000 0.000000 0.000000 1.000000
0.988529 0.076499 -0.130226 0.000000 -0.112886 0.947055 -0.300572 14.779300 0.100338 0.311825 0.944827 0.000000 0.000000 0.000000 0.000000 1.000000
0.989631 0.046370 -0.135942 0.000000 -0.086393 0.948274 -0.305471 14.779300 0.114745 0.314048 0.942448 -0.000000 0.000000 0.000000 0.000000 1.000000
0.990639 0.008177 -0.136260 0.000000 -0.050494 0.949353 -0.310129 14.779300 0.126823 0.314106 0.940879 0.000000 0.000000 0.000000 0.000000 1.000000
0.991126 -0.036331 -0.127863 0.000000 -0.004608 0.951952 -0.306212 14.779300 0.132845 0.304084 0.943337 -0.000000 0.000000 0.000000 0.000000 1.000000
