<?xml version="1.0" encoding="utf-8"?>
<COLLADA xmlns="http://www.collada.org/2005/11/COLLADASchema" version="1.4.1">
  <asset>
    <contributor>
      <author>Mixamo</author>
      <authoring_tool>COLLADA Mixamo exporter</authoring_tool>
      <comments/>
    </contributor>
    <created>2024-09-10T20:42:26Z</created>
    <modified>2024-09-10T20:42:26Z</modified>
    <revision/>
    <title/>
    <unit meter="0.010000"/>
    <up_axis>Y_UP</up_axis>
  </asset>
  <library_animations>
    <animation id="mixamorig_Hips-anim" name="mixamorig_Hips">
      <source id="mixamorig_Hips-Matrix-animation-input">
        <float_array id="mixamorig_Hips-Matrix-animation-input-array" count="73">

0.000000 0.033333 0.066667 0.100000 0.133333 0.166667 0.200000 0.233333 0.266667 0.300000 0.333333 0.366667 0.400000 0.433333 0.466667 0.500000
0.533333 0.566667 0.600000 0.633333 0.666667 0.700000 0.733333 0.766667 0.800000 0.833333 0.866667 0.900000 0.933333 0.966667 1.000000 1.033333
1.066667 1.100000 1.133333 1.166667 1.200000 1.233333 1.266667 1.300000 1.333333 1.366667 1.400000 1.433333 1.466667 1.500000 1.533333 1.566667
1.600000 1.633333 1.666667 1.700000 1.733333 1.766667 1.800000 1.833333 1.866667 1.900000 1.933333 1.966667 2.000000 2.033333 2.066667 2.100000
2.133333 2.166667 2.200000 2.233333 2.266667 2.300000 2.333333 2.366667 2.400000</float_array>
        <technique_common>
          <accessor source="#mixamorig_Hips-Matrix-animation-input-array" count="73">
            <param name="TIME" type="float"/>
          </accessor>
        </technique_common>
      </source>
      <source id="mixamorig_Hips-Matrix-animation-output-transform">
        <float_array id="mixamorig_Hips-Matrix-animation-output-transform-array" count="1168">

0.639916 0.127115 0.757858 -0.786323 -0.040989 0.990466 -0.131519 64.584358 -0.767351 0.053097 0.639026 -0.078659 0.000000 0.000000 0.000000 1.000000
0.623429 0.125730 0.771705 -0.831715 -0.044433 0.991088 -0.125577 64.655006 -0.780616 0.043999 0.623460 -0.120377 0.000000 0.000000 0.000000 1.000000
0.596621 0.120815 0.793377 -0.872475 -0.047469 0.992185 -0.115393 64.818428 -0.801118 0.031185 0.597694 -0.198356 0.000000 0.000000 0.000000 1.000000
0.559859 0.112918 0.820858 -0.879869 -0.045776 0.993373 -0.105428 65.056259 -0.827323 0.021449 0.561317 -0.313166 0.000000 0.000000 0.000000 1.000000
0.512211 0.106608 0.852218 -0.861662 -0.043397 0.994211 -0.098287 65.340508 -0.857763 0.013360 0.513872 -0.470915 0.000000 0.000000 0.000000 1.000000
0.449865 0.105919 0.886793 -0.831190 -0.043535 0.994363 -0.096683 65.643951 -0.892035 0.004888 0.451940 -0.772337 0.000000 0.000000 0.000000 1.000000
0.391416 0.121515 0.912156 -0.749544 -0.046509 0.992588 -0.112273 66.005157 -0.919038 0.001522 0.394166 -1.148688 0.000000 0.000000 0.000000 1.000000
0.353283 0.142589 0.924586 -0.684079 -0.052268 0.989781 -0.132671 66.372375 -0.934055 -0.001456 0.357126 -1.666115 0.000000 0.000000 0.000000 1.000000
0.335991 0.171689 0.926085 -0.662719 -0.063299 0.985139 -0.159672 66.649033 -0.939736 -0.004972 0.341865 -2.139858 0.000000 0.000000 0.000000 1.000000
0.327853 0.195087 0.924367 -0.754647 -0.075613 0.980726 -0.180163 66.734116 -0.941698 -0.010828 0.336285 -2.339445 0.000000 0.000000 0.000000 1.000000
0.319160 0.213373 0.923368 -0.962114 -0.082689 0.976878 -0.197157 67.030045 -0.944086 -0.013428 0.329425 -2.919410 0.000000 0.000000 0.000000 1.000000
0.308246 0.225286 0.924246 -1.398785 -0.082540 0.974224 -0.209940 67.147400 -0.947719 -0.011575 0.318896 -3.572857 0.000000 0.000000 0.000000 1.000000
0.311734 0.244020 0.918301 -2.348572 -0.087249 0.969728 -0.228068 66.652176 -0.946155 -0.009024 0.323588 -3.840481 0.000000 0.000000 0.000000 1.000000
0.338337 0.261389 0.903993 -3.511126 -0.087067 0.965222 -0.246507 66.068520 -0.936989 0.004695 0.349328 -4.012940 0.000000 0.000000 0.000000 1.000000
0.380876 0.279072 0.881506 -4.750578 -0.079031 0.959701 -0.269681 65.536926 -0.921242 0.033049 0.387582 -3.943859 0.000000 0.000000 0.000000 1.000000
0.437785 0.296731 0.848702 -5.795331 -0.072330 0.952531 -0.295723 65.096245 -0.896165 0.068076 0.438467 -3.613875 0.000000 0.000000 0.000000 1.000000
0.511735 0.311044 0.800861 -6.660175 -0.079646 0.945323 -0.316259 64.681099 -0.855443 0.098055 0.508529 -3.012527 0.000000 0.000000 0.000000 1.000000
0.602263 0.320155 0.731286 -7.454635 -0.096216 0.938491 -0.331628 64.286781 -0.792478 0.129366 0.596023 -2.338124 0.000000 0.000000 0.000000 1.000000
0.710312 0.314063 0.629938 -7.981460 -0.120337 0.935949 -0.330937 64.053215 -0.693525 0.159264 0.702608 -1.925169 0.000000 0.000000 0.000000 1.000000
0.804270 0.302980 0.511227 -8.217791 -0.146867 0.934923 -0.323031 63.761120 -0.575829 0.184722 0.796429 -1.721542 0.000000 0.000000 0.000000 1.000000
0.880325 0.270907 0.389406 -8.336077 -0.164137 0.944138 -0.285767 63.473190 -0.445069 0.187652 0.875614 -1.528918 0.000000 0.000000 0.000000 1.000000
0.939915 0.230070 0.252246 -8.329845 -0.172894 0.957852 -0.229407 63.087502 -0.294394 0.172011 0.940077 -1.167047 0.000000 0.000000 0.000000 1.000000
0.978536 0.186257 0.088184 -8.422590 -0.170756 0.972395 -0.159030 62.434540 -0.115370 0.140559 0.983328 -0.311173 0.000000 0.000000 0.000000 1.000000
0.984955 0.155240 -0.075915 -8.321632 -0.162113 0.982209 -0.094787 61.659252 0.059850 0.105667 0.992599 0.596080 0.000000 0.000000 0.000000 1.000000
0.922141 0.136753 -0.361877 -8.180546 -0.136332 0.990300 0.026831 60.356903 0.362036 0.024594 0.931840 2.346155 0.000000 0.000000 0.000000 1.000000
0.818053 0.156719 -0.553379 -8.635856 -0.120973 0.987521 0.100836 59.345955 0.562276 -0.015545 0.826804 3.808707 0.000000 0.000000 0.000000 1.000000
0.769090 0.180281 -0.613188 -9.098442 -0.107882 0.982246 0.153475 58.464115 0.629970 -0.051885 0.774884 3.844313 0.000000 0.000000 0.000000 1.000000
0.775710 0.215610 -0.593115 -9.492683 -0.121676 0.973291 0.194678 58.051174 0.619248 -0.078846 0.781227 3.511585 0.000000 0.000000 0.000000 1.000000
0.748261 0.254007 -0.612851 -9.209427 -0.152055 0.964870 0.214256 56.832153 0.645744 -0.067132 0.760597 3.677536 0.000000 0.000000 0.000000 1.000000
0.668218 0.272563 -0.692239 -7.906856 -0.154741 0.961041 0.229030 55.523819 0.727695 -0.045924 0.684361 3.992557 0.000000 0.000000 0.000000 1.000000
0.607578 0.282998 -0.742133 -6.604327 -0.159086 0.958796 0.235375 54.485256 0.778165 -0.024946 0.627564 4.259662 0.000000 0.000000 0.000000 1.000000
0.570539 0.286942 -0.769513 -6.091810 -0.180383 0.957881 0.223440 53.236485 0.801216 0.011326 0.598268 4.933284 0.000000 0.000000 0.000000 1.000000
0.532251 0.279448 -0.799136 -5.529593 -0.190465 0.959277 0.208592 52.060066 0.824883 0.041184 0.563801 5.395591 0.000000 0.000000 0.000000 1.000000
0.509548 0.274746 -0.815399 -5.142388 -0.190003 0.960186 0.204797 51.032051 0.839202 0.050574 0.541464 5.749207 0.000000 0.000000 0.000000 1.000000
0.490547 0.271990 -0.827880 -4.815631 -0.186658 0.960787 0.205054 50.261589 0.851189 0.053942 0.522080 5.917927 0.000000 0.000000 0.000000 1.000000
0.487897 0.263998 -0.832023 -4.651419 -0.178997 0.963172 0.200648 49.877235 0.854352 0.051034 0.517184 5.967655 0.000000 0.000000 0.000000 1.000000
0.500185 0.253434 -0.828001 -4.545648 -0.172751 0.966195 0.191375 49.912037 0.848511 0.047316 0.527057 5.981992 0.000000 0.000000 0.000000 1.000000
0.517843 0.238653 -0.821513 -4.473525 -0.162805 0.970242 0.179234 50.151752 0.839841 0.040931 0.541287 5.863066 0.000000 0.000000 0.000000 1.000000
0.538643 0.224092 -0.812186 -4.478447 -0.151231 0.974040 0.168452 50.590904 0.828850 0.032092 0.558549 5.533087 0.000000 0.000000 0.000000 1.000000
0.571970 0.211706 -0.792484 -4.644318 -0.141377 0.977105 0.158989 51.304501 0.807999 0.021102 0.588806 5.139380 0.000000 0.000000 0.000000 1.000000
0.613001 0.202725 -0.763631 -4.980264 -0.130447 0.979226 0.155244 52.281067 0.779239 0.004449 0.626711 4.668631 0.000000 0.000000 0.000000 1.000000
0.659195 0.192121 -0.727016 -5.504185 -0.119211 0.981285 0.151224 53.550755 0.742463 -0.013018 0.669761 4.181559 0.000000 0.000000 0.000000 1.000000
0.713855 0.174880 -0.678106 -6.143523 -0.109372 0.984276 0.138701 55.098351 0.691700 -0.024846 0.721758 3.794673 0.000000 0.000000 0.000000 1.000000
0.771990 0.154581 -0.616552 -6.867911 -0.098354 0.987346 0.124397 56.787441 0.627979 -0.035393 0.777425 3.438894 0.000000 0.000000 0.000000 1.000000
0.827665 0.130803 -0.545767 -7.658739 -0.085743 0.990516 0.107364 58.638096 0.554634 -0.042066 0.831030 3.028680 0.000000 0.000000 0.000000 1.000000
0.882688 0.107013 -0.457614 -8.529550 -0.075134 0.993339 0.087366 60.326038 0.463915 -0.042734 0.884848 2.570736 0.000000 0.000000 0.000000 1.000000
0.934138 0.082997 -0.347129 -9.241747 -0.063229 0.995686 0.067911 61.946270 0.351268 -0.041490 0.935355 1.974951 0.000000 0.000000 0.000000 1.000000
0.975321 0.054889 -0.213861 -9.700976 -0.045929 0.997855 0.046648 63.177826 0.215963 -0.035674 0.975750 1.326049 0.000000 0.000000 0.000000 1.000000
0.996955 0.028780 -0.072470 -10.173521 -0.026727 0.999218 0.029134 63.916359 0.073252 -0.027108 0.996945 0.446333 0.000000 0.000000 0.000000 1.000000
0.997748 0.015460 0.065262 -10.411926 -0.016008 0.999841 0.007881 64.489380 -0.065130 -0.008908 0.997837 -0.232295 0.000000 0.000000 0.000000 1.000000
0.979941 0.011622 0.198948 -10.534028 -0.009444 0.999885 -0.011891 64.926582 -0.199063 0.009774 0.979938 -0.885713 0.000000 0.000000 0.000000 1.000000
0.951655 0.013834 0.306859 -10.521213 -0.007253 0.999719 -0.022576 65.094299 -0.307085 0.019259 0.951487 -1.513444 0.000000 0.000000 0.000000 1.000000
0.920887 0.015803 0.389510 -10.356771 -0.007434 0.999708 -0.022983 65.254593 -0.389760 0.018269 0.920735 -1.978089 0.000000 0.000000 0.000000 1.000000
0.891020 0.013745 0.453756 -9.962921 -0.009490 0.999887 -0.011654 65.421165 -0.453865 0.006078 0.891050 -2.240041 0.000000 0.000000 0.000000 1.000000
0.858176 0.012906 0.513194 -9.425122 -0.013509 0.999905 -0.002556 65.382385 -0.513178 -0.004739 0.858269 -2.495377 0.000000 0.000000 0.000000 1.000000
0.823126 0.011012 0.567753 -8.615678 -0.017170 0.999837 0.005500 65.347504 -0.567600 -0.014275 0.823181 -2.579658 0.000000 0.000000 0.000000 1.000000
0.788426 0.012165 0.615010 -7.264133 -0.028249 0.999466 0.016446 65.456619 -0.614481 -0.030340 0.788348 -2.603182 0.000000 0.000000 0.000000 1.000000
0.754800 0.015609 0.655769 -5.844854 -0.036624 0.999160 0.018372 65.473587 -0.654931 -0.037884 0.754738 -2.310777 0.000000 0.000000 0.000000 1.000000
0.725517 0.023836 0.687791 -4.269907 -0.041856 0.999078 0.009529 65.552780 -0.686930 -0.035702 0.725846 -1.885975 0.000000 0.000000 0.000000 1.000000
0.695057 0.032907 0.718201 -2.802618 -0.045993 0.998941 -0.001259 65.724869 -0.717482 -0.032157 0.695835 -1.535520 0.000000 0.000000 0.000000 1.000000
0.660041 0.047956 0.749698 -1.620744 -0.049688 0.998562 -0.020130 65.860710 -0.749585 -0.023964 0.661474 -1.172759 0.000000 0.000000 0.000000 1.000000
0.634937 0.065688 0.769767 -0.806570 -0.052111 0.997751 -0.042160 65.888184 -0.770805 -0.013345 0.636932 -0.842544 0.000000 0.000000 0.000000 1.000000
0.625154 0.077891 0.776605 -0.390070 -0.050414 0.996960 -0.059410 65.790161 -0.778872 -0.002011 0.627180 -0.586426 0.000000 0.000000 0.000000 1.000000
0.625484 0.090131 0.775013 -0.111473 -0.049425 0.995887 -0.075930 65.699959 -0.778670 0.009188 0.627367 -0.416120 0.000000 0.000000 0.000000 1.000000
0.623559 0.099903 0.775367 0.069820 -0.047164 0.994802 -0.090247 65.594444 -0.780353 0.019705 0.625029 -0.314545 0.000000 0.000000 0.000000 1.000000
0.622322 0.106095 0.775538 0.105507 -0.043633 0.993933 -0.100959 65.451256 -0.781544 0.028990 0.623176 -0.280956 0.000000 0.000000 0.000000 1.000000
0.623858 0.111007 0.773614 0.018034 -0.041889 0.993188 -0.108734 65.295204 -0.780414 0.035428 0.624259 -0.244837 0.000000 0.000000 0.000000 1.000000
0.626606 0.115479 0.770733 -0.124185 -0.040881 0.992470 -0.115466 65.129326 -0.778264 0.040843 0.626608 -0.206430 0.000000 0.000000 0.000000 1.000000
0.630025 0.119384 0.767344 -0.296249 -0.040447 0.991816 -0.121099 64.965965 -0.775521 0.045259 0.629697 -0.168484 0.000000 0.000000 0.000000 1.000000
0.633584 0.122607 0.763897 -0.473381 -0.040417 0.991260 -0.125577 64.817467 -0.772617 0.048689 0.633003 -0.133761 0.000000 0.000000 0.000000 1.000000
0.636762 0.125040 0.760854 -0.630677 -0.040617 0.990833 -0.128842 64.696114 -0.769990 0.051138 0.636004 -0.105173 0.000000 0.000000 0.000000 1.000000
0.639043 0.126578 0.758685 -0.743254 -0.040867 0.990561 -0.130841 64.614281 -0.768085 0.052608 0.638183 -0.085813 0.000000 0.000000 0.000000 1.000000
0.639916 0.127115 0.757858 -0.786293 -0.040989 0.990466 -0.131519 64.584351 -0.767351 0.053097 0.639025 -0.078659 0.000000 0.000000 0.000000 1.000000</float_array>
        <technique_common>
          <accessor source="#mixamorig_Hips-Matrix-animation-output-transform-array" count="73" stride="16">
            <param type="float4x4"/>
          </accessor>
        </technique_common>
      </source>
      <source id="mixamorig_Hips-Interpolations">
        <Name_array id="mixamorig_Hips-Interpolations-array" count="73">
 LINEAR LINEAR LINEAR LINEAR LINEAR LINEAR LINEAR LINEAR LINEAR LINEAR LINEAR
LINEAR LINEAR LINEAR LINEAR LINEAR LINEAR LINEAR LINEAR LINEAR LINEAR LINEAR LINEAR
LINEAR LINEAR LINEAR LINEAR LINEAR LINEAR LINEAR LINEAR LINEAR LINEAR LINEAR LINEAR
LINEAR LINEAR LINEAR LINEAR LINEAR LINEAR LINEAR LINEAR LINEAR LINEAR LINEAR LINEAR
LINEAR LINEAR LINEAR LINEAR LINEAR LINEAR LINEAR LINEAR LINEAR LINEAR LINEAR LINEAR
LINEAR LINEAR LINEAR LINEAR LINEAR LINEAR LINEAR LINEAR LINEAR LINEAR LINEAR LINEAR
LINEAR LINEAR</Name_array>
        <technique_common>
          <accessor source="#mixamorig_Hips-Interpolations-array" count="73">
            <param type="name"/>
          </accessor>
        </technique_common>
      </source>
      <sampler id="mixamorig_Hips-Matrix-animation-transform">
        <input semantic="INPUT" source="#mixamorig_Hips-Matrix-animation-input"/>
        <input semantic="OUTPUT" source="#mixamorig_Hips-Matrix-animation-output-transform"/>
        <input semantic="INTERPOLATION" source="#mixamorig_Hips-Interpolations"/>
      </sampler>
      <channel source="#mixamorig_Hips-Matrix-animation-transform" target="mixamorig_Hips/matrix"/>
    </animation>
    <animation id="mixamorig_Spine-anim" name="mixamorig_Spine">
      <source id="mixamorig_Spine-Matrix-animation-input">
        <float_array id="mixamorig_Spine-Matrix-animation-input-array" count="73">

0.000000 0.033333 0.066667 0.100000 0.133333 0.166667 0.200000 0.233333 0.266667 0.300000 0.333333 0.366667 0.400000 0.433333 0.466667 0.500000
0.533333 0.566667 0.600000 0.633333 0.666667 0.700000 0.733333 0.766667 0.800000 0.833333 0.866667 0.900000 0.933333 0.966667 1.000000 1.033333
1.066667 1.100000 1.133333 1.166667 1.200000 1.233333 1.266667 1.300000 1.333333 1.366667 1.400000 1.433333 1.466667 1.500000 1.533333 1.566667
1.600000 1.633333 1.666667 1.700000 1.733333 1.766667 1.800000 1.833333 1.866667 1.900000 1.933333 1.966667 2.000000 2.033333 2.066667 2.100000
2.133333 2.166667 2.200000 2.233333 2.266667 2.300000 2.333333 2.366667 2.400000</float_array>
        <technique_common>
          <accessor source="#mixamorig_Spine-Matrix-animation-input-array" count="73">
            <param name="TIME" type="float"/>
          </accessor>
        </technique_common>
      </source>
      <source id="mixamorig_Spine-Matrix-animation-output-transform">
        <float_array id="mixamorig_Spine-Matrix-animation-output-transform-array" count="1168">

0.998341 -0.035284 -0.045500 -0.000000 0.025621 0.979919 -0.197741 12.667600 0.051564 0.196247 0.979198 0.098400 0.000000 0.000000 0.000000 1.000000
0.998360 -0.035025 -0.045291 0.000000 0.025447 0.980078 -0.196977 12.667600 0.051288 0.195501 0.979361 0.098400 0.000000 0.000000 0.000000 1.000000
0.998541 -0.034224 -0.041760 0.000000 0.025331 0.979985 -0.197456 12.667600 0.047682 0.196110 0.979422 0.098400 0.000000 0.000000 0.000000 1.000000
0.998868 -0.032840 -0.034413 0.000000 0.025379 0.979800 -0.198362 12.667600 0.040232 0.197265 0.979524 0.098400 0.000000 0.000000 0.000000 1.000000
0.999200 -0.031336 -0.024849 -0.000000 0.025764 0.979596 -0.199316 12.667600 0.030588 0.198517 0.979620 0.098400 0.000000 0.000000 0.000000 1.000000
0.999414 -0.030521 -0.015494 0.000000 0.026813 0.979458 -0.199856 12.667600 0.021276 0.199323 0.979703 0.098400 0.000000 0.000000 0.000000 1.000000
0.999534 -0.030271 -0.003938 0.000000 0.028886 0.979659 -0.198581 12.667600 0.009869 0.198375 0.980077 0.098400 0.000000 0.000000 0.000000 1.000000
0.999525 -0.029254 0.009680 0.000000 0.030590 0.979813 -0.197560 12.667600 -0.003705 0.197763 0.980243 0.098400 0.000000 0.000000 0.000000 1.000000
0.999338 -0.027729 0.023531 0.000000 0.031811 0.980075 -0.196063 12.667600 -0.017626 0.196682 0.980309 0.098400 0.000000 0.000000 0.000000 1.000000
0.999114 -0.026311 0.032833 0.000000 0.032245 0.980118 -0.195780 12.667600 -0.027029 0.196666 0.980098 0.098400 0.000000 0.000000 0.000000 1.000000
0.998987 -0.023906 0.038137 0.000000 0.030960 0.979975 -0.196700 12.667600 -0.032671 0.197681 0.979722 0.098400 0.000000 0.000000 0.000000 1.000000
0.998943 -0.019746 0.041503 0.000000 0.027673 0.979385 -0.200096 12.667600 -0.036696 0.201033 0.978897 0.098400 0.000000 0.000000 0.000000 1.000000
0.998806 -0.013137 0.047049 -0.000000 0.022471 0.978765 -0.203751 12.667600 -0.043373 0.204565 0.977892 0.098400 0.000000 0.000000 0.000000 1.000000
0.998420 -0.003533 0.056086 -0.000000 0.015138 0.978038 -0.207875 12.667600 -0.054120 0.208396 0.976546 0.098400 0.000000 0.000000 0.000000 1.000000
0.997878 0.008217 0.064589 0.000000 0.005647 0.977344 -0.211581 12.667600 -0.064864 0.211496 0.975224 0.098400 0.000000 0.000000 0.000000 1.000000
0.997403 0.021004 0.068894 -0.000000 -0.005813 0.976890 -0.213665 12.667600 -0.071789 0.212710 0.974475 0.098400 0.000000 0.000000 0.000000 1.000000
0.996986 0.032142 0.070609 0.000000 -0.016315 0.976649 -0.214219 12.667600 -0.075846 0.212421 0.974230 0.098400 0.000000 0.000000 0.000000 1.000000
0.996575 0.042435 0.070971 -0.000000 -0.026501 0.976913 -0.211990 12.667600 -0.078328 0.209383 0.974692 0.098400 0.000000 0.000000 0.000000 1.000000
0.996199 0.052655 0.069389 0.000000 -0.037254 0.977628 -0.207014 12.667600 -0.078737 0.203642 0.975874 0.098400 0.000000 0.000000 0.000000 1.000000
0.995921 0.061227 0.066273 -0.000000 -0.046993 0.979016 -0.198293 12.667600 -0.077024 0.194370 0.977900 0.098400 0.000000 0.000000 0.000000 1.000000
0.996001 0.066437 0.059732 0.000000 -0.053902 0.980053 -0.191287 12.667600 -0.071249 0.187303 0.979715 0.098400 0.000000 0.000000 0.000000 1.000000
0.996082 0.071005 0.052709 -0.000000 -0.060204 0.981094 -0.183929 12.667600 -0.064773 0.180036 0.981525 0.098400 0.000000 0.000000 0.000000 1.000000
0.996444 0.073339 0.041491 -0.000000 -0.065012 0.982394 -0.175145 12.667600 -0.053606 0.171825 0.983668 0.098400 0.000000 0.000000 0.000000 1.000000
0.997135 0.071850 0.023645 -0.000000 -0.066972 0.983922 -0.165564 12.667600 -0.035161 0.163506 0.985916 0.098400 0.000000 0.000000 0.000000 1.000000
0.997766 0.066791 -0.001259 -0.000000 -0.066152 0.985247 -0.157835 12.667600 -0.009302 0.157565 0.987465 0.098400 0.000000 0.000000 0.000000 1.000000
0.997530 0.060964 -0.034895 0.000000 -0.065532 0.986543 -0.149793 12.667600 0.025294 0.151710 0.988101 0.098400 0.000000 0.000000 0.000000 1.000000
0.995587 0.060503 -0.071740 -0.000000 -0.070590 0.986519 -0.147639 12.667600 0.061840 0.152051 0.986436 0.098400 0.000000 0.000000 0.000000 1.000000
0.992652 0.063748 -0.102846 -0.000000 -0.078627 0.985885 -0.147811 12.667600 0.091972 0.154811 0.983654 0.098400 0.000000 0.000000 0.000000 1.000000
0.988942 0.066021 -0.132794 0.000000 -0.085378 0.985623 -0.145804 12.667600 0.121258 0.155530 0.980361 0.098400 0.000000 0.000000 0.000000 1.000000
0.985793 0.071370 -0.152045 0.000000 -0.093208 0.985509 -0.141721 12.667600 0.139727 0.153879 0.978160 0.098400 0.000000 0.000000 0.000000 1.000000
0.983696 0.066508 -0.167090 0.000000 -0.091188 0.985269 -0.144673 12.667600 0.155007 0.157551 0.975270 0.098400 0.000000 0.000000 0.000000 1.000000
0.980251 0.054808 -0.190011 0.000000 -0.084780 0.984521 -0.153394 12.667600 0.178663 0.166474 0.969725 0.098400 0.000000 0.000000 0.000000 1.000000
0.976323 0.045023 -0.211581 0.000000 -0.080667 0.983325 -0.162985 12.667600 0.200715 0.176193 0.963675 0.098400 0.000000 0.000000 0.000000 1.000000
0.973968 0.037988 -0.223479 0.000000 -0.078360 0.981504 -0.174668 12.667600 0.212711 0.187633 0.958931 0.098400 0.000000 0.000000 0.000000 1.000000
0.972859 0.032671 -0.229080 0.000000 -0.076643 0.979598 -0.185780 12.667600 0.218337 0.198295 0.955515 0.098400 0.000000 0.000000 0.000000 1.000000
0.973110 0.029744 -0.228414 -0.000000 -0.075769 0.977778 -0.195471 12.667600 0.217524 0.207522 0.953739 0.098400 0.000000 0.000000 0.000000 1.000000
0.974895 0.025024 -0.221252 -0.000000 -0.071042 0.976689 -0.202564 12.667600 0.211026 0.213197 0.953947 0.098400 0.000000 0.000000 0.000000 1.000000
0.976868 0.020803 -0.212830 0.000000 -0.065896 0.976110 -0.207044 12.667600 0.203438 0.216279 0.954901 0.098400 0.000000 0.000000 0.000000 1.000000
0.979507 0.018866 -0.200526 0.000000 -0.061937 0.975574 -0.210758 12.667600 0.191652 0.218859 0.956750 0.098400 0.000000 0.000000 0.000000 1.000000
0.982490 0.018679 -0.185376 -0.000000 -0.058949 0.975012 -0.214187 12.667600 0.176743 0.221365 0.959041 0.098400 0.000000 0.000000 0.000000 1.000000
0.985346 0.020234 -0.169364 0.000000 -0.057140 0.974723 -0.215985 12.667600 0.160713 0.222498 0.961596 0.098400 0.000000 0.000000 0.000000 1.000000
0.987811 0.023461 -0.153879 0.000000 -0.056731 0.974844 -0.215549 12.667600 0.144951 0.221651 0.964293 0.098400 0.000000 0.000000 0.000000 1.000000
0.990096 0.026359 -0.137896 0.000000 -0.055810 0.975169 -0.214313 12.667600 0.128823 0.219887 0.966982 0.098400 0.000000 0.000000 0.000000 1.000000
0.992060 0.028876 -0.122408 -0.000000 -0.054724 0.975428 -0.213414 12.667600 0.113238 0.218418 0.969263 0.098400 0.000000 0.000000 0.000000 1.000000
0.993917 0.031014 -0.105675 0.000000 -0.052942 0.975939 -0.211518 12.667600 0.096572 0.215826 0.971644 0.098400 0.000000 0.000000 0.000000 1.000000
0.995346 0.032317 -0.090789 -0.000000 -0.050852 0.976388 -0.209952 12.667600 0.081860 0.213591 0.973487 0.098400 0.000000 0.000000 0.000000 1.000000
0.996115 0.032642 -0.081788 0.000000 -0.049274 0.976363 -0.210447 12.667600 0.072985 0.213659 0.974178 0.098400 0.000000 0.000000 0.000000 1.000000
0.996707 0.031578 -0.074686 0.000000 -0.046691 0.976540 -0.210212 12.667600 0.066296 0.213007 0.974799 0.098400 0.000000 0.000000 0.000000 1.000000
0.997223 0.028094 -0.068966 0.000000 -0.042134 0.976478 -0.211462 12.667600 0.061403 0.213780 0.974950 0.098400 0.000000 0.000000 0.000000 1.000000
0.997725 0.021136 -0.064014 0.000000 -0.034196 0.977019 -0.210389 12.667600 0.058096 0.212100 0.975520 0.098400 0.000000 0.000000 0.000000 1.000000
0.998168 0.012638 -0.059174 0.000000 -0.024701 0.977857 -0.207813 12.667600 0.055237 0.208894 0.976377 0.098400 0.000000 0.000000 0.000000 1.000000
0.998674 0.005073 -0.051230 -0.000000 -0.015515 0.978525 -0.205546 12.667600 0.049087 0.206068 0.977306 0.098400 0.000000 0.000000 0.000000 1.000000
0.999070 -0.000673 -0.043111 -0.000000 -0.008087 0.979207 -0.202703 12.667600 0.042351 0.202863 0.978291 0.098400 0.000000 0.000000 0.000000 1.000000
0.999452 -0.005131 -0.032701 -0.000000 -0.001567 0.979472 -0.201576 12.667600 0.033064 0.201517 0.978927 0.098400 0.000000 0.000000 0.000000 1.000000
0.999655 -0.008719 -0.024780 0.000000 0.003603 0.979907 -0.199422 12.667600 0.026021 0.199264 0.979600 0.098400 0.000000 0.000000 0.000000 1.000000
0.999732 -0.012013 -0.019801 -0.000000 0.007864 0.980240 -0.197656 12.667600 0.021784 0.197447 0.980071 0.098400 0.000000 0.000000 0.000000 1.000000
0.999707 -0.016638 -0.017586 0.000000 0.012843 0.980259 -0.197302 12.667600 0.020522 0.197019 0.980185 0.098400 0.000000 0.000000 0.000000 1.000000
0.999643 -0.020626 -0.016963 0.000000 0.016893 0.980350 -0.196540 12.667600 0.020684 0.196183 0.980349 0.098400 0.000000 0.000000 0.000000 1.000000
0.999606 -0.023073 -0.015971 0.000000 0.019534 0.980758 -0.194249 12.667600 0.020146 0.193860 0.980822 0.098400 0.000000 0.000000 0.000000 1.000000
0.999549 -0.025215 -0.016334 0.000000 0.021606 0.981091 -0.192335 12.667600 0.020875 0.191896 0.981193 0.098400 0.000000 0.000000 0.000000 1.000000
0.999419 -0.028038 -0.019382 -0.000000 0.023842 0.981429 -0.190337 12.667600 0.024359 0.189764 0.981528 0.098400 0.000000 0.000000 0.000000 1.000000
0.999301 -0.030443 -0.021683 -0.000000 0.025795 0.981581 -0.189295 12.667600 0.027047 0.188603 0.981681 0.098400 0.000000 0.000000 0.000000 1.000000
0.999230 -0.031248 -0.023712 -0.000000 0.026182 0.981427 -0.190042 12.667600 0.029210 0.189275 0.981490 0.098400 0.000000 0.000000 0.000000 1.000000
0.999146 -0.032039 -0.026110 -0.000000 0.026493 0.981354 -0.190374 12.667600 0.031723 0.189520 0.981364 0.098400 0.000000 0.000000 0.000000 1.000000
0.998995 -0.033439 -0.029839 0.000000 0.027184 0.981452 -0.189771 12.667600 0.035631 0.188769 0.981375 0.098400 0.000000 0.000000 0.000000 1.000000
0.998868 -0.034105 -0.033150 0.000000 0.027215 0.981464 -0.189703 12.667600 0.039005 0.188586 0.981282 0.098400 0.000000 0.000000 0.000000 1.000000
0.998760 -0.034523 -0.035883 0.000000 0.027071 0.981294 -0.190602 12.667600 0.041792 0.189394 0.981011 0.098400 0.000000 0.000000 0.000000 1.000000
0.998653 -0.034832 -0.038445 0.000000 0.026829 0.981042 -0.191927 12.667600 0.044401 0.190638 0.980656 0.098400 0.000000 0.000000 0.000000 1.000000
0.998555 -0.035039 -0.040744 0.000000 0.026520 0.980748 -0.193470 12.667600 0.046739 0.192110 0.980260 0.098400 0.000000 0.000000 0.000000 1.000000
0.998469 -0.035171 -0.042691 0.000000 0.026198 0.980448 -0.195029 12.667600 0.048716 0.193612 0.979868 0.098400 0.000000 0.000000 0.000000 1.000000
0.998401 -0.035245 -0.044193 -0.000000 0.025908 0.980182 -0.196398 12.667600 0.050239 0.194939 0.979528 0.098400 0.000000 0.000000 0.000000 1.000000
0.998357 -0.035278 -0.045158 -0.000000 0.025702 0.979992 -0.197372 12.667600 0.051218 0.195887 0.979288 0.098400 0.000000 0.000000 0.000000 1.000000
0.998341 -0.035284 -0.045501 0.000000 0.025620 0.979920 -0.197740 12.667600 0.051564 0.196246 0.979198 0.098400 0.000000 0.000000 0.000000 1.000000</float_array>
        <technique_common>
          <accessor source="#mixamorig_Spine-Matrix-animation-output-transform-array" count="73" stride="16">
            <param type="float4x4"/>
          </accessor>
        </technique_common>
      </source>
      <source id="mixamorig_Spine-Interpolations">
        <Name_array id="mixamorig_Spine-Interpolations-array" count="73">
 LINEAR LINEAR LINEAR LINEAR LINEAR LINEAR LINEAR LINEAR LINEAR LINEAR LINEAR
LINEAR LINEAR LINEAR LINEAR LINEAR LINEAR LINEAR LINEAR LINEAR LINEAR LINEAR LINEAR
LINEAR LINEAR LINEAR LINEAR LINEAR LINEAR LINEAR LINEAR LINEAR LINEAR LINEAR LINEAR
LINEAR LINEAR LINEAR LINEAR LINEAR LINEAR LINEAR LINEAR LINEAR LINEAR LINEAR LINEAR
LINEAR LINEAR LINEAR LINEAR LINEAR LINEAR LINEAR LINEAR LINEAR LINEAR LINEAR LINEAR
LINEAR LINEAR LINEAR LINEAR LINEAR LINEAR LINEAR LINEAR LINEAR LINEAR LINEAR LINEAR
LINEAR LINEAR</Name_array>
        <technique_common>
          <accessor source="#mixamorig_Spine-Interpolations-array" count="73">
            <param type="name"/>
          </accessor>
        </technique_common>
      </source>
      <sampler id="mixamorig_Spine-Matrix-animation-transform">
        <input semantic="INPUT" source="#mixamorig_Spine-Matrix-animation-input"/>
        <input semantic="OUTPUT" source="#mixamorig_Spine-Matrix-animation-output-transform"/>
        <input semantic="INTERPOLATION" source="#mixamorig_Spine-Interpolations"/>
      </sampler>
      <channel source="#mixamorig_Spine-Matrix-animation-transform" target="mixamorig_Spine/matrix"/>
    </animation>
    <animation id="mixamorig_Spine1-anim" name="mixamorig_Spine1">
      <source id="mixamorig_Spine1-Matrix-animation-input">
        <float_array id="mixamorig_Spine1-Matrix-animation-input-array" count="73">

0.000000 0.033333 0.066667 0.100000 0.133333 0.166667 0.200000 0.233333 0.266667 0.300000 0.333333 0.366667 0.400000 0.433333 0.466667 0.500000
0.533333 0.566667 0.600000 0.633333 0.666667 0.700000 0.733333 0.766667 0.800000 0.833333 0.866667 0.900000 0.933333 0.966667 1.000000 1.033333
1.066667 1.100000 1.133333 1.166667 1.200000 1.233333 1.266667 1.300000 1.333333 1.366667 1.400000 1.433333 1.466667 1.500000 1.533333 1.566667
1.600000 1.633333 1.666667 1.700000 1.733333 1.766667 1.800000 1.833333 1.866667 1.900000 1.933333 1.966667 2.000000 2.033333 2.066667 2.100000
2.133333 2.166667 2.200000 2.233333 2.266667 2.300000 2.333333 2.366667 2.400000</float_array>
        <technique_common>
          <accessor source="#mixamorig_Spine1-Matrix-animation-input-array" count="73">
            <param name="TIME" type="float"/>
          </accessor>
        </technique_common>
      </source>
      <source id="mixamorig_Spine1-Matrix-animation-output-transform">
        <float_array id="mixamorig_Spine1-Matrix-animation-output-transform-array" count="1168">

0.992503 -0.075111 -0.096421 0.000000 0.064816 0.992273 -0.105796 14.779300 0.103622 0.098753 0.989702 0.000000 0.000000 0.000000 0.000000 1.000000
0.992682 -0.074208 -0.095263 0.000000 0.064199 0.992487 -0.104153 14.779300 0.102276 0.097275 0.989988 0.000000 0.000000 0.000000 0.000000 1.000000
0.993581 -0.072449 -0.086882 -0.000000 0.063195 0.992473 -0.104895 14.779300 0.093827 0.098731 0.990681 0.000000 0.000000 0.000000 0.000000 1.000000
0.995130 -0.068876 -0.070515 0.000000 0.061157 0.992450 -0.106317 14.779300 0.077305 0.101487 0.991829 0.000000 0.000000 0.000000 0.000000 1.000000
0.996663 -0.065190 -0.049128 0.000000 0.059596 0.992383 -0.107814 14.779300 0.055783 0.104527 0.992956 0.000000 0.000000 0.000000 0.000000 1.000000
0.997624 -0.063186 -0.027463 0.000000 0.059860 0.992289 -0.108537 14.779300 0.034109 0.106635 0.993713 0.000000 0.000000 0.000000 0.000000 1.000000
0.998099 -0.061594 -0.002075 0.000000 0.061031 0.992540 -0.105542 14.779300 0.008560 0.105215 0.994413 0.000000 0.000000 0.000000 0.000000 1.000000
0.997927 -0.058663 0.026468 -0.000000 0.061094 0.992801 -0.103026 14.779300 -0.020234 0.104429 0.994326 0.000000 0.000000 0.000000 0.000000 1.000000
0.996941 -0.055758 0.054772 -0.000000 0.061016 0.993159 -0.099557 14.779300 -0.048846 0.102595 0.993523 -0.000000 0.000000 0.000000 0.000000 1.000000
0.995795 -0.054123 0.073915 -0.000000 0.061306 0.993232 -0.098647 14.779300 -0.068076 0.102764 0.992374 0.000000 0.000000 0.000000 0.000000 1.000000
0.995207 -0.047959 0.085228 -0.000000 0.056479 0.993329 -0.100534 14.779300 -0.079838 0.104865 0.991277 -0.000000 0.000000 0.000000 0.000000 1.000000
0.994978 -0.036860 0.093062 0.000000 0.046864 0.993077 -0.107708 14.779300 -0.088448 0.111528 0.989817 -0.000000 0.000000 0.000000 0.000000 1.000000
0.994114 -0.023115 0.105846 0.000000 0.035361 0.992697 -0.115333 14.779300 -0.102407 0.118397 0.987672 0.000000 0.000000 0.000000 0.000000 1.000000
0.992175 -0.004339 0.124781 0.000000 0.019943 0.992072 -0.124080 14.779300 -0.123253 0.125598 0.984395 -0.000000 0.000000 0.000000 0.000000 1.000000
0.989768 0.017433 0.141619 -0.000000 0.001480 0.991200 -0.132365 14.779300 -0.142680 0.131220 0.981032 0.000000 0.000000 0.000000 0.000000 1.000000
0.988006 0.041018 0.148871 0.000000 -0.020349 0.990252 -0.137794 14.779300 -0.153071 0.133112 0.979209 0.000000 0.000000 0.000000 0.000000 1.000000
0.986819 0.060960 0.149906 -0.000000 -0.039820 0.989325 -0.140180 14.779300 -0.156851 0.132363 0.978712 0.000000 0.000000 0.000000 0.000000 1.000000
0.986046 0.078458 0.146828 0.000000 -0.058295 0.988866 -0.136916 14.779300 -0.155935 0.126446 0.979641 0.000000 0.000000 0.000000 0.000000 1.000000
0.985867 0.094978 0.138008 0.000000 -0.077341 0.988757 -0.127975 14.779300 -0.148611 0.115492 0.982128 0.000000 0.000000 0.000000 0.000000 1.000000
0.986003 0.108529 0.126570 0.000000 -0.094607 0.989277 -0.111266 14.779300 -0.137288 0.097734 0.985698 -0.000000 0.000000 0.000000 0.000000 1.000000
0.987014 0.117527 0.109498 -0.000000 -0.106975 0.989448 -0.097723 14.779300 -0.119828 0.084740 0.989172 0.000000 0.000000 0.000000 0.000000 1.000000
0.987462 0.126754 0.094086 0.000000 -0.119057 0.989382 -0.083364 14.779300 -0.103654 0.071117 0.992068 0.000000 0.000000 0.000000 0.000000 1.000000
0.988431 0.131917 0.074849 0.000000 -0.127120 0.989715 -0.065608 14.779300 -0.082734 0.055335 0.995034 0.000000 0.000000 0.000000 0.000000 1.000000
0.990606 0.128182 0.047631 -0.000000 -0.126045 0.990982 -0.045469 14.779300 -0.053030 0.039038 0.997830 0.000000 0.000000 0.000000 0.000000 1.000000
0.992872 0.116276 0.026193 0.000000 -0.115512 0.992883 -0.029006 14.779300 -0.029379 0.025774 0.999236 0.000000 0.000000 0.000000 0.000000 1.000000
0.995248 0.095993 -0.016321 -0.000000 -0.096195 0.995289 -0.012067 14.779300 0.015086 0.013580 0.999794 0.000000 0.000000 0.000000 0.000000 1.000000
0.992635 0.089539 -0.081601 0.000000 -0.090435 0.995875 -0.007342 14.779300 0.080607 0.014668 0.996638 0.000000 0.000000 0.000000 0.000000 1.000000
0.983776 0.090217 -0.155065 0.000000 -0.092537 0.995679 -0.007793 14.779300 0.153692 0.022015 0.987874 0.000000 0.000000 0.000000 0.000000 1.000000
0.974240 0.090437 -0.206586 0.000000 -0.093385 0.995620 -0.004541 14.779300 0.205271 0.023716 0.978418 0.000000 0.000000 0.000000 0.000000 1.000000
0.968784 0.104980 -0.224583 -0.000000 -0.106740 0.994278 0.004325 14.779300 0.223751 0.019782 0.974445 0.000000 0.000000 0.000000 0.000000 1.000000
0.964893 0.102226 -0.241931 0.000000 -0.105730 0.994394 -0.001512 14.779300 0.240420 0.027039 0.970292 -0.000000 0.000000 0.000000 0.000000 1.000000
0.957676 0.078963 -0.276807 -0.000000 -0.088165 0.995886 -0.020935 14.779300 0.274015 0.044454 0.960697 0.000000 0.000000 0.000000 0.000000 1.000000
0.948552 0.061561 -0.310579 0.000000 -0.078234 0.996071 -0.041503 14.779300 0.306803 0.063665 0.949641 0.000000 0.000000 0.000000 0.000000 1.000000
0.944074 0.048296 -0.326178 0.000000 -0.073666 0.995105 -0.065874 14.779300 0.321399 0.086218 0.943011 0.000000 0.000000 0.000000 0.000000 1.000000
0.943041 0.038212 -0.330473 0.000000 -0.071352 0.993497 -0.088733 14.779300 0.324933 0.107259 0.939635 0.000000 0.000000 0.000000 0.000000 1.000000
0.943444 0.032567 -0.329928 0.000000 -0.072016 0.991533 -0.108059 14.779300 0.323616 0.125708 0.937801 0.000000 0.000000 0.000000 0.000000 1.000000
0.946273 0.023320 -0.322528 -0.000000 -0.066070 0.990299 -0.122243 14.779300 0.316548 0.136985 0.938633 0.000000 0.000000 0.000000 0.000000 1.000000
0.949584 0.016019 -0.313102 0.000000 -0.059870 0.989580 -0.130945 14.779300 0.307742 0.143089 0.940649 0.000000 0.000000 0.000000 0.000000 1.000000
0.955006 0.013643 -0.296273 -0.000000 -0.056831 0.988849 -0.137654 14.779300 0.291091 0.148298 0.945131 0.000000 0.000000 0.000000 0.000000 1.000000
0.960791 0.014362 -0.276902 -0.000000 -0.056151 0.988044 -0.143586 14.779300 0.271530 0.153504 0.950110 0.000000 0.000000 0.000000 0.000000 1.000000
0.966125 0.018265 -0.257426 0.000000 -0.057620 0.987579 -0.146179 14.779300 0.251558 0.156061 0.955177 0.000000 0.000000 0.000000 0.000000 1.000000
0.970357 0.025664 -0.240309 -0.000000 -0.061826 0.987618 -0.144179 14.779300 0.233633 0.154762 0.959929 0.000000 0.000000 0.000000 0.000000 1.000000
0.973918 0.032696 -0.224532 0.000000 -0.065586 0.987888 -0.140630 14.779300 0.217214 0.151688 0.964266 -0.000000 0.000000 0.000000 0.000000 1.000000
0.976793 0.038724 -0.210657 -0.000000 -0.068917 0.988041 -0.137935 14.779300 0.202796 0.149252 0.967780 0.000000 0.000000 0.000000 0.000000 1.000000
0.980237 0.043829 -0.192909 -0.000000 -0.070472 0.988540 -0.133499 14.779300 0.184847 0.144456 0.972093 -0.000000 0.000000 0.000000 0.000000 1.000000
0.982984 0.046528 -0.177699 0.000000 -0.070312 0.989019 -0.129989 14.779300 0.169700 0.140272 0.975462 0.000000 0.000000 0.000000 0.000000 1.000000
0.984246 0.048948 -0.169891 0.000000 -0.071714 0.988842 -0.130567 14.779300 0.161605 0.140693 0.976775 0.000000 0.000000 0.000000 0.000000 1.000000
0.985698 0.048209 -0.161480 0.000000 -0.069661 0.989072 -0.129939 14.779300 0.153451 0.139330 0.978284 0.000000 0.000000 0.000000 0.000000 1.000000
0.987155 0.045912 -0.153026 -0.000000 -0.066486 0.988995 -0.132169 14.779300 0.145274 0.140645 0.979344 -0.000000 0.000000 0.000000 0.000000 1.000000
0.988883 0.036746 -0.144086 -0.000000 -0.055727 0.989947 -0.129998 14.779300 0.137861 0.136583 0.980989 -0.000000 0.000000 0.000000 0.000000 1.000000
0.990708 0.024240 -0.133832 -0.000000 -0.041130 0.991314 -0.124923 14.779300 0.129641 0.129266 0.983099 0.000000 0.000000 0.000000 0.000000 1.000000
0.993110 0.013986 -0.116351 -0.000000 -0.028084 0.992325 -0.120426 14.779300 0.113774 0.122864 0.985880 0.000000 0.000000 0.000000 0.000000 1.000000
0.995140 0.005305 -0.098328 0.000000 -0.016634 0.993254 -0.114758 14.779300 0.097056 0.115836 0.988515 -0.000000 0.000000 0.000000 0.000000 1.000000
0.997136 -0.003135 -0.075561 0.000000 -0.005409 0.993625 -0.112604 14.779300 0.075432 0.112691 0.990763 0.000000 0.000000 0.000000 0.000000 1.000000
0.998267 -0.012529 -0.057494 0.000000 0.006238 0.994096 -0.108322 14.779300 0.058512 0.107775 0.992452 0.000000 0.000000 0.000000 0.000000 1.000000
0.998725 -0.021380 -0.045734 -0.000000 0.016491 0.994364 -0.104726 14.779300 0.047715 0.103838 0.993449 0.000000 0.000000 0.000000 0.000000 1.000000
0.998632 -0.033220 -0.040381 0.000000 0.028864 0.994154 -0.104039 14.779300 0.043601 0.102731 0.993753 -0.000000 0.000000 0.000000 0.000000 1.000000
0.998255 -0.044073 -0.039313 0.000000 0.039844 0.993931 -0.102540 14.779300 0.043594 0.100794 0.993952 0.000000 0.000000 0.000000 0.000000 1.000000
0.998000 -0.050796 -0.037629 0.000000 0.046906 0.994092 -0.097887 14.779300 0.042379 0.095926 0.994486 0.000000 0.000000 0.000000 0.000000 1.000000
0.997713 -0.055672 -0.038334 0.000000 0.051865 0.994220 -0.094008 14.779300 0.043346 0.091805 0.994833 0.000000 0.000000 0.000000 0.000000 1.000000
0.997115 -0.061929 -0.043888 0.000000 0.057787 0.994257 -0.090081 14.779300 0.049215 0.087285 0.994967 0.000000 0.000000 0.000000 0.000000 1.000000
0.996600 -0.067065 -0.047860 0.000000 0.062669 0.994139 -0.088090 14.779300 0.053487 0.084791 0.994962 0.000000 0.000000 0.000000 0.000000 1.000000
0.996315 -0.068585 -0.051510 0.000000 0.063786 0.993930 -0.089640 14.779300 0.057345 0.086024 0.994641 0.000000 0.000000 0.000000 0.000000 1.000000
0.995967 -0.069770 -0.056405 -0.000000 0.064503 0.993819 -0.090349 14.779300 0.062360 0.086347 0.994312 0.000000 0.000000 0.000000 0.000000 1.000000
0.995346 -0.072142 -0.063896 0.000000 0.066300 0.993800 -0.089256 14.779300 0.069939 0.084605 0.993957 0.000000 0.000000 0.000000 0.000000 1.000000
0.994817 -0.073221 -0.070549 0.000000 0.066818 0.993770 -0.089201 14.779300 0.076641 0.084025 0.993512 0.000000 0.000000 0.000000 0.000000 1.000000
0.994355 -0.073870 -0.076168 0.000000 0.066836 0.993598 -0.091084 14.779300 0.082409 0.085479 0.992926 0.000000 0.000000 0.000000 0.000000 1.000000
0.993897 -0.074351 -0.081492 -0.000000 0.066617 0.993357 -0.093834 14.779300 0.087928 0.087832 0.992247 -0.000000 0.000000 0.000000 0.000000 1.000000
0.993464 -0.074690 -0.086313 0.000000 0.066231 0.993076 -0.097025 14.779300 0.092962 0.090675 0.991532 0.000000 0.000000 0.000000 0.000000 1.000000
0.993082 -0.074911 -0.090424 -0.000000 0.065762 0.992788 -0.100236 14.779300 0.097281 0.093596 0.990846 -0.000000 0.000000 0.000000 0.000000 1.000000
0.992776 -0.075039 -0.093617 0.000000 0.065303 0.992531 -0.103047 14.779300 0.100650 0.096189 0.990261 0.000000 0.000000 0.000000 0.000000 1.000000
0.992575 -0.075097 -0.095686 -0.000000 0.064954 0.992345 -0.105039 14.779300 0.102841 0.098044 0.989854 0.000000 0.000000 0.000000 0.000000 1.000000
