<?xml version="1.0" encoding="utf-8"?>
<COLLADA xmlns="http://www.collada.org/2005/11/COLLADASchema" version="1.4.1">
  <asset>
    <contributor>
      <author>Mixamo</author>
      <authoring_tool>COLLADA Mixamo exporter</authoring_tool>
      <comments/>
    </contributor>
    <created>2024-09-12T02:56:02Z</created>
    <modified>2024-09-12T02:56:02Z</modified>
    <revision/>
    <title/>
    <unit meter="0.010000"/>
    <up_axis>Y_UP</up_axis>
  </asset>
  <library_animations>
    <animation id="mixamorig_Hips-anim" name="mixamorig_Hips">
      <source id="mixamorig_Hips-Matrix-animation-input">
        <float_array id="mixamorig_Hips-Matrix-animation-input-array" count="73">

0.000000 0.033333 0.066667 0.100000 0.133333 0.166667 0.200000 0.233333 0.266667 0.300000 0.333333 0.366667 0.400000 0.433333 0.466667 0.500000
0.533333 0.566667 0.600000 0.633333 0.666667 0.700000 0.733333 0.766667 0.800000 0.833333 0.866667 0.900000 0.933333 0.966667 1.000000 1.033333
1.066667 1.100000 1.133333 1.166667 1.200000 1.233333 1.266667 1.300000 1.333333 1.366667 1.400000 1.433333 1.466667 1.500000 1.533333 1.566667
1.600000 1.633333 1.666667 1.700000 1.733333 1.766667 1.800000 1.833333 1.866667 1.900000 1.933333 1.966667 2.000000 2.033333 2.066667 2.100000
2.133333 2.166667 2.200000 2.233333 2.266667 2.300000 2.333333 2.366667 2.400000</float_array>
        <technique_common>
          <accessor source="#mixamorig_Hips-Matrix-animation-input-array" count="73">
            <param name="TIME" type="float"/>
          </accessor>
        </technique_common>
      </source>
      <source id="mixamorig_Hips-Matrix-animation-output-transform">
        <float_array id="mixamorig_Hips-Matrix-animation-output-transform-array" count="1168">

0.639190 -0.127087 -0.758476 0.906707 0.040798 0.990466 -0.131577 64.121674 0.767966 0.053159 0.638281 -0.084883 0.000000 0.000000 0.000000 1.000000
0.622673 -0.125698 -0.772320 0.953260 0.044226 0.991089 -0.125647 64.183807 0.781231 0.044080 0.622684 -0.125156 0.000000 0.000000 0.000000 1.000000
0.595831 -0.120776 -0.793976 0.994974 0.047241 0.992186 -0.115476 64.333954 0.801719 0.031296 0.596881 -0.201389 0.000000 0.000000 0.000000 1.000000
0.559041 -0.112874 -0.821421 1.002512 0.045536 0.993375 -0.105512 64.554825 0.827889 0.021581 0.560477 -0.315445 0.000000 0.000000 0.000000 1.000000
0.511389 -0.106575 -0.852715 0.983612 0.043169 0.994213 -0.098371 64.819908 0.858264 0.013496 0.513030 -0.474387 0.000000 0.000000 0.000000 1.000000
0.449084 -0.105933 -0.887187 0.950273 0.043370 0.994361 -0.096777 65.103676 0.892436 0.004983 0.451146 -0.781625 0.000000 0.000000 0.000000 1.000000
0.390703 -0.121584 -0.912452 0.868270 0.046482 0.992580 -0.112358 65.447449 0.919342 0.001486 0.393456 -1.164582 0.000000 0.000000 0.000000 1.000000
0.352634 -0.142705 -0.924816 0.801498 0.052387 0.989764 -0.132752 65.804298 0.934294 -0.001635 0.356500 -1.688840 0.000000 0.000000 0.000000 1.000000
0.335365 -0.171882 -0.926276 0.776171 0.063595 0.985103 -0.159773 66.083084 0.939939 -0.005325 0.341300 -2.175960 0.000000 0.000000 0.000000 1.000000
0.327233 -0.195370 -0.924527 0.858801 0.076084 0.980664 -0.180303 66.183403 0.941876 -0.011341 0.335770 -2.399131 0.000000 0.000000 0.000000 1.000000
0.318594 -0.213634 -0.923503 1.064266 0.083169 0.976814 -0.197275 66.465919 0.944236 -0.013956 0.328975 -2.970542 0.000000 0.000000 0.000000 1.000000
0.307797 -0.225451 -0.924355 1.505081 0.082885 0.974181 -0.210004 66.548492 0.947835 -0.011977 0.318536 -3.589108 0.000000 0.000000 0.000000 1.000000
0.311434 -0.244148 -0.918368 2.453172 0.087447 0.969694 -0.228138 66.029564 0.946236 -0.009259 0.323345 -3.828218 0.000000 0.000000 0.000000 1.000000
0.338144 -0.261522 -0.904027 3.602232 0.087179 0.965187 -0.246606 65.444977 0.937048 0.004576 0.349172 -3.990239 0.000000 0.000000 0.000000 1.000000
0.380716 -0.279265 -0.881514 4.810045 0.079175 0.959649 -0.269823 64.939903 0.921296 0.032932 0.387465 -3.934366 0.000000 0.000000 0.000000 1.000000
0.437527 -0.296990 -0.848744 5.831369 0.072515 0.952462 -0.295901 64.526367 0.896277 0.067918 0.438264 -3.617476 0.000000 0.000000 0.000000 1.000000
0.511285 -0.311359 -0.801026 6.683007 0.079807 0.945238 -0.316475 64.140686 0.855698 0.097882 0.508134 -3.027716 0.000000 0.000000 0.000000 1.000000
0.601620 -0.320537 -0.731648 7.462200 0.096338 0.938385 -0.331892 63.789085 0.792952 0.129187 0.595431 -2.367163 0.000000 0.000000 0.000000 1.000000
0.709617 -0.314473 -0.630516 7.981847 0.120387 0.935828 -0.331259 63.604870 0.694227 0.159161 0.701938 -1.958012 0.000000 0.000000 0.000000 1.000000
0.803747 -0.303339 -0.511836 8.216465 0.146871 0.934803 -0.323375 63.367970 0.576558 0.184738 0.795897 -1.746404 0.000000 0.000000 0.000000 1.000000
0.880101 -0.271053 -0.389810 8.336813 0.164057 0.944066 -0.286049 63.128838 0.445541 0.187801 0.875342 -1.528218 0.000000 0.000000 0.000000 1.000000
0.939966 -0.229951 -0.252164 8.334094 0.172741 0.957843 -0.229557 62.787064 0.294320 0.172217 0.940062 -1.134387 0.000000 0.000000 0.000000 1.000000
0.978675 -0.185946 -0.087290 8.417768 0.170578 0.972430 -0.159006 62.185898 0.114450 0.140726 0.983411 -0.259038 0.000000 0.000000 0.000000 1.000000
0.984760 -0.155432 0.078030 8.294576 0.162516 0.982163 -0.094580 61.490528 -0.061937 0.105820 0.992454 0.633051 0.000000 0.000000 0.000000 1.000000
0.920430 -0.136355 0.366354 8.204533 0.135884 0.990351 0.027209 60.302681 -0.366529 0.024738 0.930078 2.466412 0.000000 0.000000 0.000000 1.000000
0.814221 -0.156778 0.558986 8.655785 0.120712 0.987522 0.101138 59.388798 -0.567867 -0.014872 0.822986 3.895181 0.000000 0.000000 0.000000 1.000000
0.764228 -0.180300 0.619231 9.150494 0.107228 0.982286 0.153675 58.540684 -0.635970 -0.051044 0.770024 3.947496 0.000000 0.000000 0.000000 1.000000
0.771980 -0.215764 0.597907 9.522667 0.121273 0.973344 0.194666 58.024811 -0.623971 -0.077768 0.777568 3.566593 0.000000 0.000000 0.000000 1.000000
0.744108 -0.254291 0.617770 9.243987 0.151771 0.964890 0.214366 56.820816 -0.650591 -0.065752 0.756576 3.730198 0.000000 0.000000 0.000000 1.000000
0.662434 -0.272680 0.697729 8.007998 0.153915 0.961070 0.229466 55.568893 -0.733138 -0.044615 0.678615 4.136806 0.000000 0.000000 0.000000 1.000000
0.600599 -0.282762 0.747881 6.804478 0.157359 0.958886 0.236170 54.561596 -0.783913 -0.024158 0.620401 4.533621 0.000000 0.000000 0.000000 1.000000
0.562934 -0.286660 0.775198 6.301814 0.178664 0.957956 0.224499 53.329773 -0.806960 0.012121 0.590481 5.225345 0.000000 0.000000 0.000000 1.000000
0.524356 -0.279041 0.804479 5.752392 0.188662 0.959370 0.209798 52.146957 -0.830336 0.041766 0.555696 5.706877 0.000000 0.000000 0.000000 1.000000
0.501370 -0.274289 0.820606 5.370708 0.188125 0.960290 0.206039 51.121540 -0.844534 0.051074 0.533061 6.078154 0.000000 0.000000 0.000000 1.000000
0.482051 -0.271525 0.833007 5.046625 0.184745 0.960890 0.206299 50.359463 -0.856444 0.054447 0.513361 6.260318 0.000000 0.000000 0.000000 1.000000
0.479822 -0.263545 0.836848 4.858288 0.177255 0.963269 0.201726 49.954723 -0.859274 0.051543 0.508912 6.285550 0.000000 0.000000 0.000000 1.000000
0.493118 -0.253046 0.832347 4.703413 0.171414 0.966268 0.192207 49.946461 -0.852908 0.047895 0.519860 6.240219 0.000000 0.000000 0.000000 1.000000
0.511575 -0.238323 0.825526 4.596347 0.161775 0.970297 0.179866 50.152573 -0.843872 0.041535 0.534934 6.078671 0.000000 0.000000 0.000000 1.000000
0.532933 -0.223797 0.816025 4.583249 0.150380 0.974088 0.168935 50.570084 -0.832687 0.032683 0.552778 5.725073 0.000000 0.000000 0.000000 1.000000
0.566957 -0.211466 0.796142 4.733707 0.140726 0.977144 0.159327 51.255581 -0.811638 0.021706 0.583757 5.306723 0.000000 0.000000 0.000000 1.000000
0.608473 -0.202520 0.767298 5.066897 0.129838 0.979265 0.155504 52.211906 -0.782881 0.005004 0.622151 4.824921 0.000000 0.000000 0.000000 1.000000
0.655046 -0.191908 0.730812 5.595384 0.118525 0.981332 0.151457 53.466362 -0.746235 -0.012592 0.665563 4.334293 0.000000 0.000000 0.000000 1.000000
0.710212 -0.174616 0.681988 6.236433 0.108609 0.984329 0.138924 54.994728 -0.695559 -0.024595 0.718048 3.939374 0.000000 0.000000 0.000000 1.000000
0.768976 -0.154221 0.620397 6.961020 0.097507 0.987405 0.124595 56.658379 -0.631798 -0.035318 0.774328 3.572408 0.000000 0.000000 0.000000 1.000000
0.825324 -0.130309 0.549417 7.752860 0.084830 0.990578 0.107513 58.479065 -0.558251 -0.042126 0.828602 3.145102 0.000000 0.000000 0.000000 1.000000
0.881521 -0.106993 0.459862 8.561152 0.074977 0.993349 0.087390 60.058376 -0.466154 -0.042557 0.883680 2.598433 0.000000 0.000000 0.000000 1.000000
0.933594 -0.082533 0.348698 9.293459 0.062660 0.995722 0.067912 61.610771 -0.352811 -0.041553 0.934771 2.018075 0.000000 0.000000 0.000000 1.000000
0.975117 -0.054366 0.214923 9.757309 0.045356 0.997882 0.046636 62.815041 -0.217004 -0.035727 0.975517 1.367963 0.000000 0.000000 0.000000 1.000000
0.996926 -0.028147 0.073118 10.233837 0.026071 0.999234 0.029195 63.541878 -0.073884 -0.027199 0.996896 0.514160 0.000000 0.000000 0.000000 1.000000
0.997775 -0.014725 -0.065032 10.470625 0.015279 0.999851 0.008022 64.103920 0.064904 -0.008998 0.997851 -0.152027 0.000000 0.000000 0.000000 1.000000
0.979927 -0.010791 -0.199063 10.583686 0.008639 0.999894 -0.011678 64.530212 0.199168 0.009724 0.979917 -0.798415 0.000000 0.000000 0.000000 1.000000
0.951575 -0.012916 -0.307144 10.556828 0.006377 0.999731 -0.022285 64.684723 0.307349 0.019247 0.951402 -1.416058 0.000000 0.000000 0.000000 1.000000
0.920740 -0.014793 -0.389897 10.382625 0.006465 0.999722 -0.022664 64.828003 0.390124 0.018347 0.920580 -1.875515 0.000000 0.000000 0.000000 1.000000
0.890802 -0.012670 -0.454215 9.986387 0.008429 0.999900 -0.011360 64.980263 0.454313 0.006291 0.890820 -2.139808 0.000000 0.000000 0.000000 1.000000
0.857895 -0.011850 -0.513689 9.446426 0.012406 0.999920 -0.002347 64.932579 0.513676 -0.004359 0.857973 -2.400688 0.000000 0.000000 0.000000 1.000000
0.822784 -0.010013 -0.568266 8.638336 0.016057 0.999855 0.005631 64.890594 0.568128 -0.013757 0.822825 -2.491894 0.000000 0.000000 0.000000 1.000000
0.788028 -0.011237 -0.615537 7.300220 0.027137 0.999496 0.016495 64.988724 0.615042 -0.029702 0.787935 -2.520467 0.000000 0.000000 0.000000 1.000000
0.754336 -0.014858 -0.656320 5.896258 0.035642 0.999196 0.018345 65.003418 0.655520 -0.037231 0.754259 -2.238814 0.000000 0.000000 0.000000 1.000000
0.725006 -0.023269 -0.688349 4.335400 0.041044 0.999113 0.009455 65.088860 0.687519 -0.035107 0.725318 -1.832202 0.000000 0.000000 0.000000 1.000000
0.694500 -0.032465 -0.718760 2.884571 0.045298 0.998973 -0.001352 65.260719 0.718066 -0.031619 0.695257 -1.497403 0.000000 0.000000 0.000000 1.000000
0.659426 -0.047651 -0.750258 1.717552 0.049129 0.998587 -0.020242 65.393089 0.750162 -0.023511 0.660836 -1.150811 0.000000 0.000000 0.000000 1.000000
0.634281 -0.065487 -0.770324 0.912503 0.051662 0.997769 -0.042284 65.419418 0.771375 -0.012976 0.636249 -0.834127 0.000000 0.000000 0.000000 1.000000
0.624483 -0.077741 -0.777160 0.499247 0.050025 0.996972 -0.059532 65.324066 0.779435 -0.001700 0.626481 -0.586682 0.000000 0.000000 0.000000 1.000000
0.624809 -0.090005 -0.775572 0.223900 0.049072 0.995896 -0.076040 65.235840 0.779234 0.009452 0.626662 -0.421308 0.000000 0.000000 0.000000 1.000000
0.622872 -0.099795 -0.775933 0.045687 0.046842 0.994808 -0.090344 65.129433 0.780921 0.019927 0.624312 -0.322282 0.000000 0.000000 0.000000 1.000000
0.621622 -0.106005 -0.776112 0.011296 0.043337 0.993937 -0.101047 64.985329 0.782118 0.029178 0.622447 -0.289789 0.000000 0.000000 0.000000 1.000000
0.623149 -0.110931 -0.774196 0.099755 0.041615 0.993191 -0.108814 64.829163 0.780995 0.035589 0.623522 -0.253705 0.000000 0.000000 0.000000 1.000000
0.625889 -0.115415 -0.771325 0.242814 0.040628 0.992472 -0.115539 64.663582 0.778853 0.040977 0.625867 -0.214947 0.000000 0.000000 0.000000 1.000000
0.629304 -0.119332 -0.767943 0.415550 0.040213 0.991817 -0.121166 64.500809 0.776118 0.045369 0.628953 -0.176444 0.000000 0.000000 0.000000 1.000000
0.632860 -0.122564 -0.764504 0.593178 0.040200 0.991261 -0.125640 64.353104 0.773222 0.048779 0.632257 -0.141106 0.000000 0.000000 0.000000 1.000000
0.636037 -0.125005 -0.761466 0.750810 0.040413 0.990833 -0.128903 64.232567 0.770600 0.051213 0.635258 -0.111953 0.000000 0.000000 0.000000 1.000000
0.638316 -0.126548 -0.759301 0.863569 0.040672 0.990561 -0.130900 64.151375 0.768699 0.052673 0.637438 -0.092180 0.000000 0.000000 0.000000 1.000000
0.639190 -0.127087 -0.758476 0.906682 0.040798 0.990466 -0.131577 64.121658 0.767966 0.053159 0.638281 -0.084876 0.000000 0.000000 0.000000 1.000000</float_array>
        <technique_common>
          <accessor source="#mixamorig_Hips-Matrix-animation-output-transform-array" count="73" stride="16">
            <param type="float4x4"/>
          </accessor>
        </technique_common>
      </source>
      <source id="mixamorig_Hips-Interpolations">
        <Name_array id="mixamorig_Hips-Interpolations-array" count="73">
 LINEAR LINEAR LINEAR LINEAR LINEAR LINEAR LINEAR LINEAR LINEAR LINEAR LINEAR
LINEAR LINEAR LINEAR LINEAR LINEAR LINEAR LINEAR LINEAR LINEAR LINEAR LINEAR LINEAR
LINEAR LINEAR LINEAR LINEAR LINEAR LINEAR LINEAR LINEAR LINEAR LINEAR LINEAR LINEAR
LINEAR LINEAR LINEAR LINEAR LINEAR LINEAR LINEAR LINEAR LINEAR LINEAR LINEAR LINEAR
LINEAR LINEAR LINEAR LINEAR LINEAR LINEAR LINEAR LINEAR LINEAR LINEAR LINEAR LINEAR
LINEAR LINEAR LINEAR LINEAR LINEAR LINEAR LINEAR LINEAR LINEAR LINEAR LINEAR LINEAR
LINEAR LINEAR</Name_array>
        <technique_common>
          <accessor source="#mixamorig_Hips-Interpolations-array" count="73">
            <param type="name"/>
          </accessor>
        </technique_common>
      </source>
      <sampler id="mixamorig_Hips-Matrix-animation-transform">
        <input semantic="INPUT" source="#mixamorig_Hips-Matrix-animation-input"/>
        <input semantic="OUTPUT" source="#mixamorig_Hips-Matrix-animation-output-transform"/>
        <input semantic="INTERPOLATION" source="#mixamorig_Hips-Interpolations"/>
      </sampler>
      <channel source="#mixamorig_Hips-Matrix-animation-transform" target="mixamorig_Hips/matrix"/>
    </animation>
    <animation id="mixamorig_Spine-anim" name="mixamorig_Spine">
      <source id="mixamorig_Spine-Matrix-animation-input">
        <float_array id="mixamorig_Spine-Matrix-animation-input-array" count="73">

0.000000 0.033333 0.066667 0.100000 0.133333 0.166667 0.200000 0.233333 0.266667 0.300000 0.333333 0.366667 0.400000 0.433333 0.466667 0.500000
0.533333 0.566667 0.600000 0.633333 0.666667 0.700000 0.733333 0.766667 0.800000 0.833333 0.866667 0.900000 0.933333 0.966667 1.000000 1.033333
1.066667 1.100000 1.133333 1.166667 1.200000 1.233333 1.266667 1.300000 1.333333 1.366667 1.400000 1.433333 1.466667 1.500000 1.533333 1.566667
1.600000 1.633333 1.666667 1.700000 1.733333 1.766667 1.800000 1.833333 1.866667 1.900000 1.933333 1.966667 2.000000 2.033333 2.066667 2.100000
2.133333 2.166667 2.200000 2.233333 2.266667 2.300000 2.333333 2.366667 2.400000</float_array>
        <technique_common>
          <accessor source="#mixamorig_Spine-Matrix-animation-input-array" count="73">
            <param name="TIME" type="float"/>
          </accessor>
        </technique_common>
      </source>
      <source id="mixamorig_Spine-Matrix-animation-output-transform">
        <float_array id="mixamorig_Spine-Matrix-animation-output-transform-array" count="1168">

0.998292 0.035210 0.046615 0.000000 -0.025557 0.980770 -0.193485 12.274200 -0.052531 0.191964 0.979995 0.042400 0.000000 0.000000 0.000000 1.000000
0.998310 0.034937 0.046431 0.000000 -0.025366 0.980927 -0.192712 12.274200 -0.052278 0.191209 0.980156 0.042400 0.000000 0.000000 0.000000 1.000000
0.998495 0.034128 0.042923 0.000000 -0.025220 0.980839 -0.193181 12.274200 -0.048693 0.191808 0.980224 0.042400 0.000000 0.000000 0.000000 1.000000
0.998830 0.032755 0.035574 -0.000000 -0.025247 0.980659 -0.194087 12.274200 -0.041244 0.192961 0.980339 0.042400 0.000000 0.000000 0.000000 1.000000
0.999173 0.031288 0.025972 0.000000 -0.025633 0.980461 -0.195038 12.274200 -0.031567 0.194211 0.980452 0.042400 0.000000 0.000000 0.000000 1.000000
0.999397 0.030550 0.016514 -0.000000 -0.026736 0.980326 -0.195567 12.274200 -0.022163 0.195007 0.980551 0.042400 0.000000 0.000000 0.000000 1.000000
0.999524 0.030463 0.004815 0.000000 -0.028948 0.980515 -0.194299 12.274200 -0.010641 0.194067 0.980931 0.042400 0.000000 0.000000 0.000000 1.000000
0.999521 0.029630 -0.008936 0.000000 -0.030799 0.980660 -0.193279 12.274200 0.003036 0.193461 0.981103 0.042400 0.000000 0.000000 0.000000 1.000000
0.999336 0.028337 -0.022897 0.000000 -0.032209 0.980914 -0.191757 12.274200 0.017026 0.192367 0.981175 0.042400 0.000000 0.000000 0.000000 1.000000
0.999110 0.027128 -0.032293 -0.000000 -0.032822 0.980958 -0.191428 12.274200 0.026485 0.192318 0.980975 0.042400 0.000000 0.000000 0.000000 1.000000
0.998984 0.024739 -0.037676 0.000000 -0.031545 0.980816 -0.192364 12.274200 0.032195 0.193357 0.980600 0.042400 0.000000 0.000000 0.000000 1.000000
0.998945 0.020426 -0.041132 -0.000000 -0.028106 0.980239 -0.195812 12.274200 0.036320 0.196761 0.979778 0.042400 0.000000 0.000000 0.000000 1.000000
0.998811 0.013651 -0.046793 0.000000 -0.022734 0.979642 -0.199461 12.274200 0.043118 0.200287 0.978788 0.042400 0.000000 0.000000 0.000000 1.000000
0.998426 0.003965 -0.055939 -0.000000 -0.015292 0.978944 -0.203554 12.274200 0.053954 0.204089 0.977464 0.042400 0.000000 0.000000 0.000000 1.000000
0.997885 -0.007732 -0.064542 0.000000 -0.005822 0.978279 -0.207210 12.274200 0.064742 0.207147 0.976165 0.042400 0.000000 0.000000 0.000000 1.000000
0.997420 -0.020407 -0.068832 0.000000 0.005565 0.977844 -0.209259 12.274200 0.071578 0.208336 0.975435 0.042400 0.000000 0.000000 0.000000 1.000000
0.997024 -0.031436 -0.070385 -0.000000 0.016014 0.977616 -0.209789 12.274200 0.075405 0.208038 0.975210 0.042400 0.000000 0.000000 0.000000 1.000000
0.996641 -0.041609 -0.070538 0.000000 0.026137 0.977878 -0.207537 12.274200 0.077613 0.204997 0.975681 0.042400 0.000000 0.000000 0.000000 1.000000
0.996285 -0.051803 -0.068799 0.000000 0.036896 0.978578 -0.202541 12.274200 0.077818 0.199250 0.976854 0.042400 0.000000 0.000000 0.000000 1.000000
0.996000 -0.060489 -0.065767 0.000000 0.046715 0.979926 -0.193812 12.274200 0.076170 0.189965 0.978832 0.042400 0.000000 0.000000 0.000000 1.000000
0.996042 -0.066010 -0.059519 0.000000 0.053843 0.980913 -0.186843 12.274200 0.070716 0.182899 0.980585 0.042400 0.000000 0.000000 0.000000 1.000000
0.996069 -0.070953 -0.053031 -0.000000 0.060384 0.981896 -0.179536 12.274200 0.064810 0.175628 0.982321 0.042400 0.000000 0.000000 0.000000 1.000000
0.996374 -0.073632 -0.042627 0.000000 0.065348 0.983139 -0.170785 12.274200 0.054483 0.167381 0.984386 0.042400 0.000000 0.000000 0.000000 1.000000
0.997072 -0.071883 -0.026085 0.000000 0.066772 0.984666 -0.161168 12.274200 0.037270 0.158954 0.986582 0.042400 0.000000 0.000000 0.000000 1.000000
0.997689 -0.067849 -0.003741 0.000000 0.066475 0.985941 -0.153301 12.274200 0.014090 0.152697 0.988173 0.042400 0.000000 0.000000 0.000000 1.000000
0.997706 -0.061686 0.027873 -0.000000 0.065094 0.987284 -0.145027 12.274200 -0.018573 0.146509 0.989035 0.042400 0.000000 0.000000 0.000000 1.000000
0.996073 -0.061414 0.063766 -0.000000 0.070012 0.987276 -0.142777 12.274200 -0.054186 0.146681 0.987699 0.042400 0.000000 0.000000 0.000000 1.000000
0.993246 -0.064316 0.096569 0.000000 0.077783 0.986679 -0.142882 12.274200 -0.086092 0.149428 0.985017 0.042400 0.000000 0.000000 0.000000 1.000000
0.989780 -0.066453 0.126175 -0.000000 0.084182 0.986449 -0.140828 12.274200 -0.115107 0.150010 0.981961 0.042400 0.000000 0.000000 0.000000 1.000000
0.986965 -0.072190 0.143839 0.000000 0.092081 0.986308 -0.136814 12.274200 -0.131993 0.148275 0.980098 0.042400 0.000000 0.000000 0.000000 1.000000
0.985121 -0.068180 0.157758 -0.000000 0.090632 0.986021 -0.139818 12.274200 -0.146020 0.152035 0.977529 0.042400 0.000000 0.000000 0.000000 1.000000
0.981973 -0.056732 0.180305 0.000000 0.084199 0.985316 -0.148539 12.274200 -0.169231 0.161043 0.972330 0.042400 0.000000 0.000000 0.000000 1.000000
0.978256 -0.047365 0.201922 -0.000000 0.080292 0.984147 -0.158139 12.274200 -0.191231 0.170913 0.966550 0.042400 0.000000 0.000000 0.000000 1.000000
0.976048 -0.040604 0.213733 0.000000 0.078056 0.982378 -0.169826 12.274200 -0.203071 0.182441 0.962017 0.042400 0.000000 0.000000 0.000000 1.000000
0.975044 -0.035447 0.219164 0.000000 0.076319 0.980527 -0.180948 12.274200 -0.208482 0.193158 0.958762 0.042400 0.000000 0.000000 0.000000 1.000000
0.975171 -0.032485 0.219057 -0.000000 0.075434 0.978753 -0.190661 12.274200 -0.208209 0.202452 0.956902 0.042400 0.000000 0.000000 0.000000 1.000000
0.976660 -0.027456 0.213030 0.000000 0.070629 0.977696 -0.197795 12.274200 -0.202848 0.208225 0.956815 0.042400 0.000000 0.000000 0.000000 1.000000
0.978391 -0.022992 0.205480 0.000000 0.065452 0.977131 -0.202315 12.274200 -0.196129 0.211392 0.957521 0.042400 0.000000 0.000000 0.000000 1.000000
0.980831 -0.020898 0.193738 0.000000 0.061509 0.976606 -0.206054 12.274200 -0.184899 0.214021 0.959170 0.042400 0.000000 0.000000 0.000000 1.000000
0.983591 -0.020490 0.179246 0.000000 0.058513 0.976055 -0.209507 12.274200 -0.170661 0.216558 0.961237 0.042400 0.000000 0.000000 0.000000 1.000000
0.986284 -0.021941 0.163590 0.000000 0.056760 0.975765 -0.211333 12.274200 -0.154989 0.217719 0.963627 0.042400 0.000000 0.000000 0.000000 1.000000
0.988624 -0.025184 0.148287 -0.000000 0.056497 0.975867 -0.210930 12.274200 -0.139396 0.216908 0.966188 0.042400 0.000000 0.000000 0.000000 1.000000
0.990771 -0.028128 0.132593 0.000000 0.055782 0.976165 -0.209740 12.274200 -0.123533 0.215201 0.968725 0.042400 0.000000 0.000000 0.000000 1.000000
0.992593 -0.030690 0.117543 0.000000 0.054926 0.976395 -0.208890 12.274200 -0.108358 0.213799 0.970849 0.042400 0.000000 0.000000 0.000000 1.000000
0.994307 -0.032833 0.101370 0.000000 0.053365 0.976877 -0.207034 12.274200 -0.092229 0.211265 0.973068 0.042400 0.000000 0.000000 0.000000 1.000000
0.995553 -0.033176 0.088171 0.000000 0.050775 0.977323 -0.205575 12.274200 -0.079352 0.209138 0.974661 0.042400 0.000000 0.000000 0.000000 1.000000
0.996213 -0.033792 0.080111 0.000000 0.049722 0.977269 -0.206088 12.274200 -0.071326 0.209291 0.975249 0.042400 0.000000 0.000000 0.000000 1.000000
0.996754 -0.032639 0.073597 0.000000 0.047209 0.977435 -0.205892 12.274200 -0.065216 0.208698 0.975803 0.042400 0.000000 0.000000 0.000000 1.000000
0.997236 -0.029151 0.068340 0.000000 0.042772 0.977355 -0.207240 12.274200 -0.060751 0.209590 0.975900 0.042400 0.000000 0.000000 0.000000 1.000000
0.997714 -0.022173 0.063845 -0.000000 0.034930 0.977875 -0.206254 12.274200 -0.057859 0.208012 0.976413 0.042400 0.000000 0.000000 0.000000 1.000000
0.998141 -0.013657 0.059395 0.000000 0.025515 0.978691 -0.203749 12.274200 -0.055346 0.204886 0.977220 0.042400 0.000000 0.000000 0.000000 1.000000
0.998646 -0.006086 0.051672 0.000000 0.016398 0.979339 -0.201558 12.274200 -0.049378 0.202133 0.978113 0.042400 0.000000 0.000000 0.000000 1.000000
0.999044 -0.000372 0.043711 0.000000 0.009061 0.980009 -0.198745 12.274200 -0.042763 0.198951 0.979076 0.042400 0.000000 0.000000 0.000000 1.000000
0.999433 0.004056 0.033431 0.000000 0.002632 0.980279 -0.197600 12.274200 -0.033573 0.197576 0.979712 0.042400 0.000000 0.000000 0.000000 1.000000
0.999643 0.007644 0.025597 -0.000000 -0.002496 0.980726 -0.195371 12.274200 -0.026597 0.195237 0.980395 0.042400 0.000000 0.000000 0.000000 1.000000
0.999726 0.010952 0.020680 0.000000 -0.006745 0.981070 -0.193535 12.274200 -0.022408 0.193343 0.980875 0.042400 0.000000 0.000000 0.000000 1.000000
0.999707 0.015588 0.018531 -0.000000 -0.011718 0.981107 -0.193112 12.274200 -0.021191 0.192839 0.981002 0.042400 0.000000 0.000000 0.000000 1.000000
0.999644 0.019716 0.017961 -0.000000 -0.015898 0.981210 -0.192285 12.274200 -0.021415 0.191931 0.981175 0.042400 0.000000 0.000000 0.000000 1.000000
0.999606 0.022344 0.016985 0.000000 -0.018715 0.981614 -0.189955 12.274200 -0.020917 0.189562 0.981646 0.042400 0.000000 0.000000 0.000000 1.000000
0.999546 0.024614 0.017367 0.000000 -0.020913 0.981941 -0.188028 12.274200 -0.021682 0.187580 0.982010 0.042400 0.000000 0.000000 0.000000 1.000000
0.999411 0.027579 0.020443 -0.000000 -0.023301 0.982270 -0.186016 12.274200 -0.025211 0.185430 0.982334 0.042400 0.000000 0.000000 0.000000 1.000000
0.999287 0.030106 0.022762 0.000000 -0.025385 0.982417 -0.184967 12.274200 -0.027931 0.184257 0.982481 0.042400 0.000000 0.000000 0.000000 1.000000
0.999213 0.030981 0.024791 0.000000 -0.025847 0.982263 -0.185717 12.274200 -0.030105 0.184930 0.982290 0.042400 0.000000 0.000000 0.000000 1.000000
0.999124 0.031813 0.027188 -0.000000 -0.026211 0.982189 -0.186061 12.274200 -0.032623 0.185185 0.982162 0.042400 0.000000 0.000000 0.000000 1.000000
0.998969 0.033243 0.030929 -0.000000 -0.026945 0.982281 -0.185468 12.274200 -0.036546 0.184444 0.982163 0.042400 0.000000 0.000000 0.000000 1.000000
0.998837 0.033933 0.034247 0.000000 -0.027014 0.982290 -0.185409 12.274200 -0.039932 0.184268 0.982065 0.042400 0.000000 0.000000 0.000000 1.000000
0.998724 0.034372 0.036987 0.000000 -0.026901 0.982122 -0.186315 12.274200 -0.042730 0.185083 0.981794 0.042400 0.000000 0.000000 0.000000 1.000000
0.998615 0.034701 0.039555 0.000000 -0.026686 0.981874 -0.187648 12.274200 -0.045349 0.186333 0.981440 0.042400 0.000000 0.000000 0.000000 1.000000
0.998513 0.034926 0.041857 0.000000 -0.026402 0.981584 -0.189198 12.274200 -0.047694 0.187811 0.981046 0.042400 0.000000 0.000000 0.000000 1.000000
0.998424 0.035074 0.043806 0.000000 -0.026102 0.981289 -0.190763 12.274200 -0.049677 0.189319 0.980658 0.042400 0.000000 0.000000 0.000000 1.000000
0.998354 0.035160 0.045308 -0.000000 -0.025830 0.981028 -0.192138 12.274200 -0.051204 0.190652 0.980321 0.042400 0.000000 0.000000 0.000000 1.000000
0.998308 0.035201 0.046273 0.000000 -0.025634 0.980841 -0.193115 12.274200 -0.052185 0.191602 0.980084 0.042400 0.000000 0.000000 0.000000 1.000000
0.998292 0.035210 0.046616 0.000000 -0.025557 0.980771 -0.193484 12.274200 -0.052532 0.191962 0.979995 0.042400 0.000000 0.000000 0.000000 1.000000</float_array>
        <technique_common>
          <accessor source="#mixamorig_Spine-Matrix-animation-output-transform-array" count="73" stride="16">
            <param type="float4x4"/>
          </accessor>
        </technique_common>
      </source>
      <source id="mixamorig_Spine-Interpolations">
        <Name_array id="mixamorig_Spine-Interpolations-array" count="73">
 LINEAR LINEAR LINEAR LINEAR LINEAR LINEAR LINEAR LINEAR LINEAR LINEAR LINEAR
LINEAR LINEAR LINEAR LINEAR LINEAR LINEAR LINEAR LINEAR LINEAR LINEAR LINEAR LINEAR
LINEAR LINEAR LINEAR LINEAR LINEAR LINEAR LINEAR LINEAR LINEAR LINEAR LINEAR LINEAR
LINEAR LINEAR LINEAR LINEAR LINEAR LINEAR LINEAR LINEAR LINEAR LINEAR LINEAR LINEAR
LINEAR LINEAR LINEAR LINEAR LINEAR LINEAR LINEAR LINEAR LINEAR LINEAR LINEAR LINEAR
LINEAR LINEAR LINEAR LINEAR LINEAR LINEAR LINEAR LINEAR LINEAR LINEAR LINEAR LINEAR
LINEAR LINEAR</Name_array>
        <technique_common>
          <accessor source="#mixamorig_Spine-Interpolations-array" count="73">
            <param type="name"/>
          </accessor>
        </technique_common>
      </source>
      <sampler id="mixamorig_Spine-Matrix-animation-transform">
        <input semantic="INPUT" source="#mixamorig_Spine-Matrix-animation-input"/>
        <input semantic="OUTPUT" source="#mixamorig_Spine-Matrix-animation-output-transform"/>
        <input semantic="INTERPOLATION" source="#mixamorig_Spine-Interpolations"/>
      </sampler>
      <channel source="#mixamorig_Spine-Matrix-animation-transform" target="mixamorig_Spine/matrix"/>
    </animation>
    <animation id="mixamorig_Spine1-anim" name="mixamorig_Spine1">
      <source id="mixamorig_Spine1-Matrix-animation-input">
        <float_array id="mixamorig_Spine1-Matrix-animation-input-array" count="73">

0.000000 0.033333 0.066667 0.100000 0.133333 0.166667 0.200000 0.233333 0.266667 0.300000 0.333333 0.366667 0.400000 0.433333 0.466667 0.500000
0.533333 0.566667 0.600000 0.633333 0.666667 0.700000 0.733333 0.766667 0.800000 0.833333 0.866667 0.900000 0.933333 0.966667 1.000000 1.033333
1.066667 1.100000 1.133333 1.166667 1.200000 1.233333 1.266667 1.300000 1.333333 1.366667 1.400000 1.433333 1.466667 1.500000 1.533333 1.566667
1.600000 1.633333 1.666667 1.700000 1.733333 1.766667 1.800000 1.833333 1.866667 1.900000 1.933333 1.966667 2.000000 2.033333 2.066667 2.100000
2.133333 2.166667 2.200000 2.233333 2.266667 2.300000 2.333333 2.366667 2.400000</float_array>
        <technique_common>
          <accessor source="#mixamorig_Spine1-Matrix-animation-input-array" count="73">
            <param name="TIME" type="float"/>
          </accessor>
        </technique_common>
      </source>
      <source id="mixamorig_Spine1-Matrix-animation-output-transform">
        <float_array id="mixamorig_Spine1-Matrix-animation-output-transform-array" count="1168">

0.992503 0.074694 0.096744 0.000000 -0.064368 0.992304 -0.105784 14.319900 -0.103901 0.098764 0.989672 -0.000000 0.000000 0.000000 0.000000 1.000000
0.992682 0.073796 0.095582 -0.000000 -0.063756 0.992517 -0.104142 14.319900 -0.102552 0.097286 0.989959 0.000000 0.000000 0.000000 0.000000 1.000000
0.993581 0.072073 0.087194 0.000000 -0.062790 0.992500 -0.104887 14.319900 -0.094099 0.098739 0.990654 0.000000 0.000000 0.000000 0.000000 1.000000
0.995130 0.068571 0.070812 0.000000 -0.060823 0.992471 -0.106314 14.319900 -0.077569 0.101489 0.991808 0.000000 0.000000 0.000000 0.000000 1.000000
0.996663 0.064978 0.049409 -0.000000 -0.059354 0.992397 -0.107817 14.319900 -0.056040 0.104524 0.992942 0.000000 0.000000 0.000000 0.000000 1.000000
0.997624 0.063066 0.027735 0.000000 -0.059712 0.992297 -0.108543 14.319900 -0.034367 0.106629 0.993705 0.000000 0.000000 0.000000 0.000000 1.000000
0.998099 0.061584 0.002341 -0.000000 -0.060994 0.992542 -0.105550 14.319900 -0.008823 0.105206 0.994411 0.000000 0.000000 0.000000 0.000000 1.000000
0.997927 0.058777 -0.026214 0.000000 -0.061181 0.992795 -0.103033 14.319900 0.019969 0.104423 0.994332 0.000000 0.000000 0.000000 0.000000 1.000000
0.996941 0.055994 -0.054531 0.000000 -0.061226 0.993146 -0.099559 14.319900 0.048582 0.102593 0.993536 0.000000 0.000000 0.000000 0.000000 1.000000
0.995795 0.054442 -0.073680 0.000000 -0.061600 0.993214 -0.098643 14.319900 0.067810 0.102767 0.992391 0.000000 0.000000 0.000000 0.000000 1.000000
0.995207 0.048327 -0.085020 0.000000 -0.056823 0.993311 -0.100525 14.319900 0.079593 0.104874 0.991295 0.000000 0.000000 0.000000 0.000000 1.000000
0.994978 0.037262 -0.092902 0.000000 -0.047245 0.993061 -0.107694 14.319900 0.088244 0.111542 0.989834 -0.000000 0.000000 0.000000 0.000000 1.000000
0.994114 0.023571 -0.105745 -0.000000 -0.035803 0.992684 -0.115311 14.319900 0.102253 0.118418 0.987685 -0.000000 0.000000 0.000000 0.000000 1.000000
0.992175 0.004878 -0.124761 0.000000 -0.020476 0.992065 -0.124047 14.319900 0.123166 0.125630 0.984402 0.000000 0.000000 0.000000 0.000000 1.000000
0.989768 -0.016822 -0.141693 0.000000 -0.002097 0.991205 -0.132321 14.319900 0.142672 0.131264 0.981027 -0.000000 0.000000 0.000000 0.000000 1.000000
0.988006 -0.040375 -0.149046 0.000000 0.019688 0.990272 -0.137746 14.319900 0.153158 0.133159 0.979189 0.000000 0.000000 0.000000 0.000000 1.000000
0.986819 -0.060312 -0.150169 0.000000 0.039142 0.989359 -0.140134 14.319900 0.157022 0.132409 0.978679 0.000000 0.000000 0.000000 0.000000 1.000000
0.986046 -0.077823 -0.147166 0.000000 0.057621 0.988911 -0.136876 14.319900 0.156186 0.126486 0.979596 -0.000000 0.000000 0.000000 0.000000 1.000000
0.985867 -0.094381 -0.138417 0.000000 0.076699 0.988811 -0.127946 14.319900 0.148944 0.115521 0.982075 0.000000 0.000000 0.000000 0.000000 1.000000
0.986003 -0.107981 -0.127038 0.000000 0.094013 0.989336 -0.111250 14.319900 0.137696 0.097750 0.985639 0.000000 0.000000 0.000000 0.000000 1.000000
0.987014 -0.117053 -0.110005 0.000000 0.106457 0.989504 -0.097721 14.319900 0.120289 0.084742 0.989116 0.000000 0.000000 0.000000 0.000000 1.000000
0.987462 -0.126346 -0.094633 0.000000 0.118609 0.989434 -0.083375 14.319900 0.104167 0.071106 0.992015 0.000000 0.000000 0.000000 0.000000 1.000000
0.988431 -0.131593 -0.075418 -0.000000 0.126762 0.989760 -0.065631 14.319900 0.083282 0.055312 0.994990 0.000000 0.000000 0.000000 0.000000 1.000000
0.990606 -0.127975 -0.048184 -0.000000 0.125814 0.991010 -0.045499 14.319900 0.053574 0.039009 0.997802 0.000000 0.000000 0.000000 0.000000 1.000000
0.992872 -0.116161 -0.026694 0.000000 0.115384 0.992897 -0.029033 14.319900 0.029877 0.025746 0.999222 -0.000000 0.000000 0.000000 0.000000 1.000000
0.995248 -0.096063 0.015907 0.000000 0.096259 0.995283 -0.012087 14.319900 -0.014670 0.013560 0.999800 0.000000 0.000000 0.000000 0.000000 1.000000
0.992635 -0.089891 0.081213 -0.000000 0.090782 0.995844 -0.007346 14.319900 -0.080215 0.014664 0.996670 0.000000 0.000000 0.000000 0.000000 1.000000
0.983776 -0.090886 0.154674 0.000000 0.093200 0.995617 -0.007759 14.319900 -0.153291 0.022049 0.987935 0.000000 0.000000 0.000000 0.000000 1.000000
0.974240 -0.091329 0.206194 0.000000 0.094270 0.995537 -0.004467 14.319900 -0.204865 0.023790 0.978501 0.000000 0.000000 0.000000 0.000000 1.000000
0.968784 -0.105949 0.224127 0.000000 0.107705 0.994173 0.004410 14.319900 -0.223288 0.019867 0.974550 0.000000 0.000000 0.000000 0.000000 1.000000
0.964893 -0.103270 0.241487 0.000000 0.106768 0.994283 -0.001409 14.319900 -0.239961 0.027142 0.970403 0.000000 0.000000 0.000000 0.000000 1.000000
0.957676 -0.080159 0.276463 -0.000000 0.089348 0.995784 -0.020784 14.319900 -0.273632 0.044605 0.960800 -0.000000 0.000000 0.000000 0.000000 1.000000
0.948552 -0.062902 0.310310 0.000000 0.079558 0.995974 -0.041303 14.319900 -0.306462 0.063865 0.949738 0.000000 0.000000 0.000000 0.000000 1.000000
0.944074 -0.049705 0.325966 0.000000 0.075054 0.995016 -0.065649 14.319900 -0.321078 0.086443 0.943099 0.000000 0.000000 0.000000 0.000000 1.000000
0.943042 -0.039639 0.330305 -0.000000 0.072755 0.993416 -0.088501 14.319900 -0.324622 0.107491 0.939716 0.000000 0.000000 0.000000 0.000000 1.000000
0.943444 -0.033992 0.329785 -0.000000 0.073413 0.991455 -0.107828 14.319900 -0.323301 0.125940 0.937878 0.000000 0.000000 0.000000 0.000000 1.000000
0.946273 -0.024713 0.322424 -0.000000 0.067437 0.990234 -0.122020 14.319900 -0.316260 0.137208 0.938698 0.000000 0.000000 0.000000 0.000000 1.000000
0.949584 -0.017371 0.313030 0.000000 0.061199 0.989527 -0.130734 14.319900 -0.307481 0.143300 0.940702 -0.000000 0.000000 0.000000 0.000000 1.000000
0.955006 -0.014923 0.296212 -0.000000 0.058088 0.988802 -0.137466 14.319900 -0.290843 0.148487 0.945178 0.000000 0.000000 0.000000 0.000000 1.000000
0.960791 -0.015558 0.276837 -0.000000 0.057324 0.988000 -0.143422 14.319900 -0.271284 0.153668 0.950153 0.000000 0.000000 0.000000 0.000000 1.000000
0.966126 -0.019377 0.257344 0.000000 0.058706 0.987535 -0.146040 14.319900 -0.251307 0.156200 0.955221 0.000000 0.000000 0.000000 0.000000 1.000000
0.970357 -0.026702 0.240195 0.000000 0.062835 0.987572 -0.144059 14.319900 -0.233363 0.154882 0.959976 0.000000 0.000000 0.000000 0.000000 1.000000
0.973918 -0.033665 0.224389 0.000000 0.066524 0.987839 -0.140528 14.319900 -0.216929 0.151790 0.964314 -0.000000 0.000000 0.000000 0.000000 1.000000
0.976793 -0.039633 0.210488 0.000000 0.069792 0.987991 -0.137848 14.319900 -0.202497 0.149339 0.967829 -0.000000 0.000000 0.000000 0.000000 1.000000
0.980237 -0.044662 0.192718 -0.000000 0.071270 0.988493 -0.133428 14.319900 -0.184541 0.144527 0.972140 0.000000 0.000000 0.000000 0.000000 1.000000
0.982984 -0.047295 0.177496 0.000000 0.071044 0.988975 -0.129931 14.319900 -0.169394 0.140330 0.975507 0.000000 0.000000 0.000000 0.000000 1.000000
0.984246 -0.049682 0.169678 -0.000000 0.072412 0.988799 -0.130515 14.319900 -0.161293 0.140745 0.976819 0.000000 0.000000 0.000000 0.000000 1.000000
0.985698 -0.048906 0.161270 0.000000 0.070323 0.989031 -0.129893 14.319900 -0.153149 0.139376 0.978325 0.000000 0.000000 0.000000 0.000000 1.000000
0.987155 -0.046572 0.152826 -0.000000 0.067113 0.988958 -0.132127 14.319900 -0.144985 0.140687 0.979381 -0.000000 0.000000 0.000000 0.000000 1.000000
0.988883 -0.037368 0.143926 0.000000 0.056322 0.989918 -0.129960 14.319900 -0.137619 0.136621 0.981018 -0.000000 0.000000 0.000000 0.000000 1.000000
0.990708 -0.024818 0.133726 0.000000 0.041690 0.991295 -0.124887 14.319900 -0.129462 0.129302 0.983118 0.000000 0.000000 0.000000 0.000000 1.000000
0.993110 -0.014489 0.116290 0.000000 0.028576 0.992314 -0.120399 14.319900 -0.113652 0.122892 0.985891 0.000000 0.000000 0.000000 0.000000 1.000000
0.995140 -0.005730 0.098304 0.000000 0.017053 0.993249 -0.114738 14.319900 -0.096983 0.115856 0.988520 0.000000 0.000000 0.000000 0.000000 1.000000
0.997136 0.002809 0.075574 0.000000 0.005734 0.993625 -0.112592 14.319900 -0.075408 0.112703 0.990763 0.000000 0.000000 0.000000 0.000000 1.000000
0.998267 0.012280 0.057548 0.000000 -0.005985 0.994099 -0.108314 14.319900 -0.058538 0.107782 0.992450 0.000000 0.000000 0.000000 0.000000 1.000000
0.998725 0.021183 0.045826 -0.000000 -0.016285 0.994368 -0.104722 14.319900 -0.047786 0.103842 0.993445 0.000000 0.000000 0.000000 0.000000 1.000000
0.998632 0.033045 0.040523 0.000000 -0.028675 0.994160 -0.104037 14.319900 -0.043725 0.102733 0.993748 0.000000 0.000000 0.000000 0.000000 1.000000
0.998255 0.043903 0.039503 0.000000 -0.039655 0.993938 -0.102540 14.319900 -0.043765 0.100794 0.993944 0.000000 0.000000 0.000000 0.000000 1.000000
0.998000 0.050633 0.037848 0.000000 -0.046722 0.994100 -0.097889 14.319900 -0.042581 0.095924 0.994477 0.000000 0.000000 0.000000 0.000000 1.000000
0.997713 0.055506 0.038574 -0.000000 -0.051677 0.994229 -0.094011 14.319900 -0.043570 0.091802 0.994824 0.000000 0.000000 0.000000 0.000000 1.000000
0.997115 0.061739 0.044156 -0.000000 -0.057573 0.994269 -0.090084 14.319900 -0.049464 0.087282 0.994955 0.000000 0.000000 0.000000 0.000000 1.000000
0.996600 0.066858 0.048149 0.000000 -0.062437 0.994153 -0.088093 14.319900 -0.053757 0.084788 0.994948 -0.000000 0.000000 0.000000 0.000000 1.000000
0.996315 0.068361 0.051805 -0.000000 -0.063538 0.993945 -0.089643 14.319900 -0.057620 0.086021 0.994626 0.000000 0.000000 0.000000 0.000000 1.000000
0.995967 0.069526 0.056705 0.000000 -0.064233 0.993836 -0.090351 14.319900 -0.062638 0.086345 0.994294 0.000000 0.000000 0.000000 0.000000 1.000000
0.995346 0.071865 0.064207 -0.000000 -0.065997 0.993820 -0.089257 14.319900 -0.070225 0.084604 0.993937 0.000000 0.000000 0.000000 0.000000 1.000000
0.994817 0.072916 0.070865 0.000000 -0.066487 0.993792 -0.089200 14.319900 -0.076929 0.084026 0.993490 0.000000 0.000000 0.000000 0.000000 1.000000
0.994355 0.073540 0.076487 0.000000 -0.066480 0.993622 -0.091081 14.319900 -0.082697 0.085482 0.992902 -0.000000 0.000000 0.000000 0.000000 1.000000
0.993897 0.073998 0.081813 0.000000 -0.066237 0.993383 -0.093829 14.319900 -0.088214 0.087837 0.992221 -0.000000 0.000000 0.000000 0.000000 1.000000
0.993464 0.074317 0.086635 0.000000 -0.065829 0.993103 -0.097019 14.319900 -0.093248 0.090681 0.991505 0.000000 0.000000 0.000000 0.000000 1.000000
0.993082 0.074520 0.090747 0.000000 -0.065341 0.992817 -0.100228 14.319900 -0.097564 0.093605 0.990818 0.000000 0.000000 0.000000 0.000000 1.000000
0.992776 0.074633 0.093941 -0.000000 -0.064867 0.992560 -0.103037 14.319900 -0.100932 0.096199 0.990232 0.000000 0.000000 0.000000 0.000000 1.000000
0.992575 0.074683 0.096009 -0.000000 -0.064509 0.992375 -0.105028 14.319900 -0.103121 0.098055 0.989824 0.000000 0.000000 0.000000 0.000000 1.000000
0.992503 0.074694 0.096744 -0.000000 -0.064368 0.992304 -0.105785 14.319900 -0.103901 0.098764 0.989672 0.000000 0.000000 0.000000 0.000000 1.000000</float_array>
        <technique_common>
