<?xml version="1.0" encoding="utf-8"?>
<COLLADA xmlns="http://www.collada.org/2005/11/COLLADASchema" version="1.4.1">
  <asset>
    <contributor>
      <author>Mixamo</author>
      <authoring_tool>COLLADA Mixamo exporter</authoring_tool>
      <comments/>
    </contributor>
    <created>2024-09-10T20:38:23Z</created>
    <modified>2024-09-10T20:38:23Z</modified>
    <revision/>
    <title/>
    <unit meter="0.010000"/>
    <up_axis>Y_UP</up_axis>
  </asset>
  <library_animations>
    <animation id="mixamorig_Hips-anim" name="mixamorig_Hips">
      <source id="mixamorig_Hips-Matrix-animation-input">
        <float_array id="mixamorig_Hips-Matrix-animation-input-array" count="22">

0.000000 0.033333 0.066667 0.100000 0.133333 0.166667 0.200000 0.233333 0.266667 0.300000 0.333333 0.366667 0.400000 0.433333 0.466667 0.500000
0.533333 0.566667 0.600000 0.633333 0.666667 0.700000</float_array>
        <technique_common>
          <accessor source="#mixamorig_Hips-Matrix-animation-input-array" count="22">
            <param name="TIME" type="float"/>
          </accessor>
        </technique_common>
      </source>
      <source id="mixamorig_Hips-Matrix-animation-output-transform">
        <float_array id="mixamorig_Hips-Matrix-animation-output-transform-array" count="352">

0.974489 -0.145660 -0.170745 -0.603742 0.080835 0.937512 -0.338433 75.352081 0.209372 0.315998 0.925370 -8.092921 0.000000 0.000000 0.000000 1.000000
0.970441 -0.170491 -0.170811 -0.404263 0.106368 0.937475 -0.331401 76.052292 0.216632 0.303437 0.927899 3.407315 0.000000 0.000000 0.000000 1.000000
0.972688 -0.175185 -0.152279 -0.730053 0.113714 0.931564 -0.345337 74.950829 0.202356 0.318589 0.926042 14.557420 0.000000 0.000000 0.000000 1.000000
0.979131 -0.151393 -0.135581 -0.768181 0.092548 0.926101 -0.365747 74.128792 0.180934 0.345567 0.920786 26.617197 0.000000 0.000000 0.000000 1.000000
0.985702 -0.115917 -0.122287 -0.449926 0.063415 0.927610 -0.368129 73.207054 0.156107 0.355111 0.921698 41.279812 0.000000 0.000000 0.000000 1.000000
0.988819 -0.091815 -0.117500 0.257542 0.046430 0.938364 -0.342515 70.143784 0.141706 0.333230 0.932136 55.840420 0.000000 0.000000 0.000000 1.000000
0.994102 -0.080729 -0.072412 0.768823 0.055414 0.952104 -0.300710 70.753387 0.093220 0.294924 0.950963 68.007149 0.000000 0.000000 0.000000 1.000000
0.995907 -0.088607 -0.017815 1.215624 0.080656 0.960261 -0.267196 71.545227 0.040782 0.264666 0.963477 80.096130 0.000000 0.000000 0.000000 1.000000
0.995005 -0.089241 0.044734 1.236071 0.097858 0.960495 -0.260523 71.384750 -0.019718 0.263600 0.964431 92.893723 0.000000 0.000000 0.000000 1.000000
0.992458 -0.049329 0.112226 1.626997 0.079869 0.954692 -0.286677 72.240318 -0.093000 0.293478 0.951431 107.048523 0.000000 0.000000 0.000000 1.000000
0.988943 0.047435 0.140506 2.536149 0.002950 0.940985 -0.338437 75.834053 -0.148268 0.335109 0.930440 120.315926 0.000000 0.000000 0.000000 1.000000
0.986249 0.108600 0.124574 2.386467 -0.051719 0.918736 -0.391470 78.321404 -0.156964 0.379644 0.911720 132.160400 0.000000 0.000000 0.000000 1.000000
0.986268 0.123199 0.109985 2.361367 -0.064150 0.899459 -0.432272 78.904228 -0.152182 0.419281 0.895011 146.510620 0.000000 0.000000 0.000000 1.000000
0.990844 0.102130 0.088304 2.328558 -0.051845 0.891721 -0.449606 79.088455 -0.124661 0.440912 0.888851 160.768982 0.000000 0.000000 0.000000 1.000000
0.995641 0.064542 0.067336 2.205421 -0.029048 0.900590 -0.433699 77.795341 -0.088634 0.429852 0.898538 174.627106 0.000000 0.000000 0.000000 1.000000
0.998256 0.026784 0.052608 1.627383 -0.004348 0.922089 -0.386954 75.062851 -0.058874 0.386051 0.920597 189.657608 0.000000 0.000000 0.000000 1.000000
0.998163 -0.008286 0.060024 0.922764 0.027590 0.944108 -0.328479 71.200562 -0.053948 0.329532 0.942602 205.345108 0.000000 0.000000 0.000000 1.000000
0.999819 -0.008569 0.016971 1.043365 0.013093 0.957598 -0.287811 71.910179 -0.013785 0.287981 0.957537 218.958130 0.000000 0.000000 0.000000 1.000000
0.999840 -0.003219 -0.017587 1.136546 -0.001782 0.960821 -0.277164 71.100266 0.017790 0.277151 0.960662 233.199448 0.000000 0.000000 0.000000 1.000000
0.997020 -0.017718 -0.075075 0.730849 -0.004758 0.957282 -0.289116 70.595024 0.076991 0.288612 0.954346 248.488327 0.000000 0.000000 0.000000 1.000000
0.987549 -0.086497 -0.131401 -0.369352 0.041772 0.949471 -0.311064 72.968674 0.151667 0.301702 0.941261 262.755035 0.000000 0.000000 0.000000 1.000000
0.974489 -0.145660 -0.170745 -0.598587 0.080835 0.937512 -0.338433 75.352081 0.209372 0.315998 0.925370 274.745880 0.000000 0.000000 0.000000 1.000000</float_array>
        <technique_common>
          <accessor source="#mixamorig_Hips-Matrix-animation-output-transform-array" count="22" stride="16">
            <param type="float4x4"/>
          </accessor>
        </technique_common>
      </source>
      <source id="mixamorig_Hips-Interpolations">
        <Name_array id="mixamorig_Hips-Interpolations-array" count="22">
 LINEAR LINEAR LINEAR LINEAR LINEAR LINEAR LINEAR LINEAR LINEAR LINEAR LINEAR
LINEAR LINEAR LINEAR LINEAR LINEAR LINEAR LINEAR LINEAR LINEAR LINEAR LINEAR</Name_array>
        <technique_common>
          <accessor source="#mixamorig_Hips-Interpolations-array" count="22">
            <param type="name"/>
          </accessor>
        </technique_common>
      </source>
      <sampler id="mixamorig_Hips-Matrix-animation-transform">
        <input semantic="INPUT" source="#mixamorig_Hips-Matrix-animation-input"/>
        <input semantic="OUTPUT" source="#mixamorig_Hips-Matrix-animation-output-transform"/>
        <input semantic="INTERPOLATION" source="#mixamorig_Hips-Interpolations"/>
      </sampler>
      <channel source="#mixamorig_Hips-Matrix-animation-transform" target="mixamorig_Hips/matrix"/>
    </animation>
    <animation id="mixamorig_Spine-anim" name="mixamorig_Spine">
      <source id="mixamorig_Spine-Matrix-animation-input">
        <float_array id="mixamorig_Spine-Matrix-animation-input-array" count="22">

0.000000 0.033333 0.066667 0.100000 0.133333 0.166667 0.200000 0.233333 0.266667 0.300000 0.333333 0.366667 0.400000 0.433333 0.466667 0.500000
0.533333 0.566667 0.600000 0.633333 0.666667 0.700000</float_array>
        <technique_common>
          <accessor source="#mixamorig_Spine-Matrix-animation-input-array" count="22">
            <param name="TIME" type="float"/>
          </accessor>
        </technique_common>
      </source>
      <source id="mixamorig_Spine-Matrix-animation-output-transform">
        <float_array id="mixamorig_Spine-Matrix-animation-output-transform-array" count="352">

0.988786 0.136274 0.061087 0.000000 -0.090047 0.870373 -0.484088 12.667600 -0.119137 0.473159 0.872884 0.098400 0.000000 0.000000 0.000000 1.000000
0.964208 0.206953 0.165749 -0.000000 -0.105787 0.873481 -0.475227 12.667600 -0.243128 0.440683 0.864111 0.098400 0.000000 0.000000 0.000000 1.000000
0.938171 0.242607 0.246934 0.000000 -0.114692 0.890880 -0.439520 12.667600 -0.326620 0.384024 0.863623 0.098400 0.000000 0.000000 0.000000 1.000000
0.922333 0.237448 0.304828 0.000000 -0.104914 0.913159 -0.393869 12.667600 -0.371880 0.331298 0.867149 0.098400 0.000000 0.000000 0.000000 1.000000
0.919888 0.212603 0.329554 0.000000 -0.082114 0.926097 -0.368240 12.667600 -0.383488 0.311679 0.869364 0.098400 0.000000 0.000000 0.000000 1.000000
0.925502 0.198176 0.322758 0.000000 -0.064332 0.922055 -0.381676 12.667600 -0.373240 0.332478 0.866112 0.098400 0.000000 0.000000 0.000000 1.000000
0.952627 0.178638 0.246151 0.000000 -0.060259 0.904144 -0.422956 12.667600 -0.298112 0.388087 0.872077 0.098400 0.000000 0.000000 0.000000 1.000000
0.977528 0.162872 0.133833 0.000000 -0.082701 0.880267 -0.467215 12.667600 -0.193905 0.445648 0.873956 0.098400 0.000000 0.000000 0.000000 1.000000
0.991767 0.127418 0.012753 0.000000 -0.105677 0.870632 -0.480449 12.667600 -0.072321 0.475146 0.876930 0.098400 0.000000 0.000000 0.000000 1.000000
0.994256 0.050094 -0.094582 -0.000000 -0.087866 0.886625 -0.454065 12.667600 0.061113 0.459767 0.885934 0.098400 0.000000 0.000000 0.000000 1.000000
0.986142 -0.065706 -0.152336 0.000000 -0.003226 0.910460 -0.413585 12.667600 0.165871 0.408345 0.897631 0.098400 0.000000 0.000000 0.000000 1.000000
0.969615 -0.143463 -0.198154 0.000000 0.060530 0.925502 -0.373875 12.667600 0.237029 0.350520 0.906064 0.098400 0.000000 0.000000 0.000000 1.000000
0.947491 -0.183962 -0.261570 0.000000 0.088932 0.937278 -0.337047 12.667600 0.307167 0.296087 0.904423 0.098400 0.000000 0.000000 0.000000 1.000000
0.932927 -0.181033 -0.311246 0.000000 0.081819 0.948388 -0.306374 12.667600 0.350646 0.260359 0.899589 0.098400 0.000000 0.000000 0.000000 1.000000
0.929074 -0.151671 -0.337367 0.000000 0.048490 0.954138 -0.295415 12.667600 0.366701 0.258104 0.893819 0.098400 0.000000 0.000000 0.000000 1.000000
0.932683 -0.118225 -0.340772 -0.000000 0.007087 0.950583 -0.310391 12.667600 0.360628 0.287081 0.887430 0.098400 0.000000 0.000000 0.000000 1.000000
0.936117 -0.096165 -0.338286 0.000000 -0.026590 0.939784 -0.340733 12.667600 0.350682 0.327960 0.877191 0.098400 0.000000 0.000000 0.000000 1.000000
0.961869 -0.093919 -0.256880 0.000000 -0.011649 0.924275 -0.381550 12.667600 0.273262 0.369993 0.887937 0.098400 0.000000 0.000000 0.000000 1.000000
0.981620 -0.096347 -0.164739 -0.000000 0.019828 0.910025 -0.414079 12.667600 0.189812 0.403202 0.895209 0.098400 0.000000 0.000000 0.000000 1.000000
0.996697 -0.058682 -0.056133 0.000000 0.028585 0.900529 -0.433855 12.667600 0.076009 0.430818 0.899232 0.098400 0.000000 0.000000 0.000000 1.000000
0.998886 0.043020 0.019400 -0.000000 -0.029571 0.890946 -0.453146 12.667600 -0.036779 0.452068 0.891225 0.098400 0.000000 0.000000 0.000000 1.000000
0.988786 0.136273 0.061087 0.000000 -0.090047 0.870373 -0.484088 12.667600 -0.119137 0.473159 0.872884 0.098400 0.000000 0.000000 0.000000 1.000000</float_array>
        <technique_common>
          <accessor source="#mixamorig_Spine-Matrix-animation-output-transform-array" count="22" stride="16">
            <param type="float4x4"/>
          </accessor>
        </technique_common>
      </source>
      <source id="mixamorig_Spine-Interpolations">
        <Name_array id="mixamorig_Spine-Interpolations-array" count="22">
 LINEAR LINEAR LINEAR LINEAR LINEAR LINEAR LINEAR LINEAR LINEAR LINEAR LINEAR
LINEAR LINEAR LINEAR LINEAR LINEAR LINEAR LINEAR LINEAR LINEAR LINEAR LINEAR</Name_array>
        <technique_common>
          <accessor source="#mixamorig_Spine-Interpolations-array" count="22">
            <param type="name"/>
          </accessor>
        </technique_common>
      </source>
      <sampler id="mixamorig_Spine-Matrix-animation-transform">
        <input semantic="INPUT" source="#mixamorig_Spine-Matrix-animation-input"/>
        <input semantic="OUTPUT" source="#mixamorig_Spine-Matrix-animation-output-transform"/>
        <input semantic="INTERPOLATION" source="#mixamorig_Spine-Interpolations"/>
      </sampler>
      <channel source="#mixamorig_Spine-Matrix-animation-transform" target="mixamorig_Spine/matrix"/>
    </animation>
    <animation id="mixamorig_Spine1-anim" name="mixamorig_Spine1">
      <source id="mixamorig_Spine1-Matrix-animation-input">
        <float_array id="mixamorig_Spine1-Matrix-animation-input-array" count="22">

0.000000 0.033333 0.066667 0.100000 0.133333 0.166667 0.200000 0.233333 0.266667 0.300000 0.333333 0.366667 0.400000 0.433333 0.466667 0.500000
0.533333 0.566667 0.600000 0.633333 0.666667 0.700000</float_array>
        <technique_common>
          <accessor source="#mixamorig_Spine1-Matrix-animation-input-array" count="22">
            <param name="TIME" type="float"/>
          </accessor>
        </technique_common>
      </source>
      <source id="mixamorig_Spine1-Matrix-animation-output-transform">
        <float_array id="mixamorig_Spine1-Matrix-animation-output-transform-array" count="352">

0.999427 0.011624 0.031782 -0.000000 -0.010461 0.999278 -0.036536 14.779300 -0.032183 0.036183 0.998827 0.000000 0.000000 0.000000 0.000000 1.000000
0.997650 0.011943 0.067464 0.000000 -0.009138 0.999087 -0.041736 14.779300 -0.067901 0.041021 0.996848 -0.000000 0.000000 0.000000 0.000000 1.000000
0.995807 0.006107 0.091273 0.000000 -0.002049 0.999008 -0.044490 14.779300 -0.091454 0.044117 0.994832 0.000000 0.000000 0.000000 0.000000 1.000000
0.994754 -0.000458 0.102300 -0.000000 0.005200 0.998924 -0.046092 14.779300 -0.102168 0.046382 0.993685 0.000000 0.000000 0.000000 0.000000 1.000000
0.994730 -0.004465 0.102428 0.000000 0.009391 0.998820 -0.047655 14.779300 -0.102094 0.048366 0.993598 0.000000 0.000000 0.000000 0.000000 1.000000
0.995644 -0.005442 0.093078 0.000000 0.010056 0.998739 -0.049179 14.779300 -0.092693 0.049901 0.994443 -0.000000 0.000000 0.000000 0.000000 1.000000
0.997196 -0.004334 0.074711 -0.000000 0.008079 0.998722 -0.049899 14.779300 -0.074399 0.050363 0.995956 0.000000 0.000000 0.000000 0.000000 1.000000
0.998832 -0.001752 0.048290 0.000000 0.004147 0.998763 -0.049548 14.779300 -0.048144 0.049691 0.997604 -0.000000 0.000000 0.000000 0.000000 1.000000
0.999851 0.001153 0.017222 -0.000000 -0.000316 0.998822 -0.048523 14.779300 -0.017258 0.048511 0.998674 -0.000000 0.000000 0.000000 0.000000 1.000000
0.999900 0.002034 -0.014006 0.000000 -0.002681 0.998922 -0.046344 14.779300 0.013897 0.046376 0.998827 0.000000 0.000000 0.000000 0.000000 1.000000
0.999074 -0.001119 -0.042999 -0.000000 -0.000635 0.999168 -0.040766 14.779300 0.043009 0.040756 0.998243 0.000000 0.000000 0.000000 0.000000 1.000000
0.997601 -0.007654 -0.068795 0.000000 0.005514 0.999497 -0.031245 14.779300 0.068999 0.030791 0.997141 -0.000000 0.000000 0.000000 0.000000 1.000000
0.995956 -0.012906 -0.088908 0.000000 0.010913 0.999679 -0.022875 14.779300 0.089175 0.021812 0.995777 0.000000 0.000000 0.000000 0.000000 1.000000
0.994918 -0.011888 -0.099985 -0.000000 0.009754 0.999715 -0.021810 14.779300 0.100216 0.020724 0.994750 0.000000 0.000000 0.000000 0.000000 1.000000
0.994819 -0.004702 -0.101551 0.000000 0.001917 0.999620 -0.027501 14.779300 0.101641 0.027163 0.994450 0.000000 0.000000 0.000000 0.000000 1.000000
0.995323 0.004154 -0.096517 0.000000 -0.007502 0.999382 -0.034351 14.779300 0.096315 0.034914 0.994738 0.000000 0.000000 0.000000 0.000000 1.000000
0.996076 0.010097 -0.087920 0.000000 -0.013563 0.999150 -0.038917 14.779300 0.087452 0.039957 0.995367 -0.000000 0.000000 0.000000 0.000000 1.000000
0.997185 0.011485 -0.074101 0.000000 -0.014615 0.999017 -0.041838 14.779300 0.073548 0.042803 0.996373 -0.000000 0.000000 0.000000 0.000000 1.000000
0.998687 0.010321 -0.050174 0.000000 -0.012544 0.998945 -0.044180 14.779300 0.049665 0.044752 0.997763 0.000000 0.000000 0.000000 0.000000 1.000000
0.999777 0.009844 -0.018671 0.000000 -0.010673 0.998938 -0.044828 14.779300 0.018210 0.045017 0.998820 0.000000 0.000000 0.000000 0.000000 1.000000
0.999888 0.010827 0.010341 -0.000000 -0.010381 0.999055 -0.042194 14.779300 -0.010788 0.042082 0.999056 0.000000 0.000000 0.000000 0.000000 1.000000
0.999427 0.011624 0.031782 0.000000 -0.010461 0.999278 -0.036536 14.779300 -0.032183 0.036183 0.998827 0.000000 0.000000 0.000000 0.000000 1.000000</float_array>
        <technique_common>
          <accessor source="#mixamorig_Spine1-Matrix-animation-output-transform-array" count="22" stride="16">
            <param type="float4x4"/>
          </accessor>
        </technique_common>
      </source>
      <source id="mixamorig_Spine1-Interpolations">
        <Name_array id="mixamorig_Spine1-Interpolations-array" count="22">
 LINEAR LINEAR LINEAR LINEAR LINEAR LINEAR LINEAR LINEAR LINEAR LINEAR LINEAR
LINEAR LINEAR LINEAR LINEAR LINEAR LINEAR LINEAR LINEAR LINEAR LINEAR LINEAR</Name_array>
        <technique_common>
          <accessor source="#mixamorig_Spine1-Interpolations-array" count="22">
            <param type="name"/>
          </accessor>
        </technique_common>
      </source>
      <sampler id="mixamorig_Spine1-Matrix-animation-transform">
        <input semantic="INPUT" source="#mixamorig_Spine1-Matrix-animation-input"/>
        <input semantic="OUTPUT" source="#mixamorig_Spine1-Matrix-animation-output-transform"/>
        <input semantic="INTERPOLATION" source="#mixamorig_Spine1-Interpolations"/>
      </sampler>
      <channel source="#mixamorig_Spine1-Matrix-animation-transform" target="mixamorig_Spine1/matrix"/>
    </animation>
    <animation id="mixamorig_Spine2-anim" name="mixamorig_Spine2">
      <source id="mixamorig_Spine2-Matrix-animation-input">
        <float_array id="mixamorig_Spine2-Matrix-animation-input-array" count="22">

0.000000 0.033333 0.066667 0.100000 0.133333 0.166667 0.200000 0.233333 0.266667 0.300000 0.333333 0.366667 0.400000 0.433333 0.466667 0.500000
0.533333 0.566667 0.600000 0.633333 0.666667 0.700000</float_array>
        <technique_common>
          <accessor source="#mixamorig_Spine2-Matrix-animation-input-array" count="22">
            <param name="TIME" type="float"/>
          </accessor>
        </technique_common>
      </source>
      <source id="mixamorig_Spine2-Matrix-animation-output-transform">
        <float_array id="mixamorig_Spine2-Matrix-animation-output-transform-array" count="352">

0.999388 0.013214 0.032396 0.000000 -0.012037 0.999270 -0.036252 16.890600 -0.032851 0.035840 0.998817 0.000000 0.000000 0.000000 0.000000 1.000000
0.997590 0.015199 0.067696 -0.000000 -0.012497 0.999115 -0.040165 16.890600 -0.068246 0.039223 0.996897 0.000000 0.000000 0.000000 0.000000 1.000000
0.995812 0.010040 0.090870 0.000000 -0.006385 0.999162 -0.040431 16.890600 -0.091200 0.039681 0.995042 0.000000 0.000000 0.000000 0.000000 1.000000
0.994851 0.003492 0.101283 -0.000000 0.000658 0.999162 -0.040914 16.890600 -0.101342 0.040770 0.994016 -0.000000 0.000000 0.000000 0.000000 1.000000
0.994887 -0.000660 0.100995 0.000000 0.005151 0.999009 -0.044220 16.890600 -0.100866 0.044514 0.993904 0.000000 0.000000 0.000000 0.000000 1.000000
0.995800 -0.001895 0.091535 0.000000 0.006323 0.998822 -0.048109 16.890600 -0.091336 0.048486 0.994639 -0.000000 0.000000 0.000000 0.000000 1.000000
0.997307 -0.001384 0.073328 0.000000 0.004995 0.998782 -0.049084 16.890600 -0.073171 0.049318 0.996099 -0.000000 0.000000 0.000000 0.000000 1.000000
0.998886 0.000195 0.047190 0.000000 0.002054 0.998864 -0.047604 16.890600 -0.047146 0.047648 0.997751 0.000000 0.000000 0.000000 0.000000 1.000000
0.999864 0.001763 0.016418 0.000000 -0.001007 0.998943 -0.045959 16.890600 -0.016481 0.045936 0.998808 0.000000 0.000000 0.000000 0.000000 1.000000
0.999894 0.001236 -0.014496 0.000000 -0.001871 0.999037 -0.043834 16.890600 0.014428 0.043857 0.998934 -0.000000 0.000000 0.000000 0.000000 1.000000
0.999061 -0.003007 -0.043225 0.000000 0.001329 0.999247 -0.038775 16.890600 0.043309 0.038681 0.998313 0.000000 0.000000 0.000000 0.000000 1.000000
0.997568 -0.010119 -0.068962 0.000000 0.008072 0.999520 -0.029899 16.890600 0.069231 0.029269 0.997171 0.000000 0.000000 0.000000 0.000000 1.000000
0.995901 -0.015525 -0.089107 0.000000 0.013632 0.999669 -0.021820 16.890600 0.089416 0.020516 0.995783 0.000000 0.000000 0.000000 0.000000 1.000000
0.994881 -0.014561 -0.099997 0.000000 0.012503 0.999698 -0.021175 16.890600 0.100275 0.019816 0.994762 -0.000000 0.000000 0.000000 0.000000 1.000000
0.994843 -0.007537 -0.101151 -0.000000 0.004754 0.999604 -0.027727 16.890600 0.101320 0.027103 0.994485 -0.000000 0.000000 0.000000 0.000000 1.000000
0.995403 0.001196 -0.095770 0.000000 -0.004529 0.999391 -0.034593 16.890600 0.095670 0.034868 0.994802 0.000000 0.000000 0.000000 0.000000 1.000000
0.996179 0.007254 -0.087033 -0.000000 -0.010493 0.999267 -0.036817 16.890600 0.086702 0.037589 0.995525 -0.000000 0.000000 0.000000 0.000000 1.000000
0.997277 0.009069 -0.073184 0.000000 -0.011748 0.999274 -0.036254 16.890600 0.072802 0.037015 0.996659 -0.000000 0.000000 0.000000 0.000000 1.000000
0.998751 0.008688 -0.049196 0.000000 -0.010552 0.999231 -0.037766 16.890600 0.048831 0.038238 0.998075 -0.000000 0.000000 0.000000 0.000000 1.000000
0.999801 0.009393 -0.017621 0.000000 -0.010117 0.999089 -0.041454 16.890600 0.017215 0.041624 0.998985 0.000000 0.000000 0.000000 0.000000 1.000000
0.999868 0.011644 0.011296 0.000000 -0.011160 0.999054 -0.042040 16.890600 -0.011775 0.041909 0.999052 0.000000 0.000000 0.000000 0.000000 1.000000
0.999388 0.013214 0.032396 0.000000 -0.012037 0.999270 -0.036252 16.890600 -0.032851 0.035840 0.998817 -0.000000 0.000000 0.000000 0.000000 1.000000</float_array>
        <technique_common>
          <accessor source="#mixamorig_Spine2-Matrix-animation-output-transform-array" count="22" stride="16">
            <param type="float4x4"/>
          </accessor>
        </technique_common>
      </source>
      <source id="mixamorig_Spine2-Interpolations">
        <Name_array id="mixamorig_Spine2-Interpolations-array" count="22">
 LINEAR LINEAR LINEAR LINEAR LINEAR LINEAR LINEAR LINEAR LINEAR LINEAR LINEAR
LINEAR LINEAR LINEAR LINEAR LINEAR LINEAR LINEAR LINEAR LINEAR LINEAR LINEAR</Name_array>
        <technique_common>
          <accessor source="#mixamorig_Spine2-Interpolations-array" count="22">
            <param type="name"/>
          </accessor>
        </technique_common>
      </source>
      <sampler id="mixamorig_Spine2-Matrix-animation-transform">
        <input semantic="INPUT" source="#mixamorig_Spine2-Matrix-animation-input"/>
        <input semantic="OUTPUT" source="#mixamorig_Spine2-Matrix-animation-output-transform"/>
        <input semantic="INTERPOLATION" source="#mixamorig_Spine2-Interpolations"/>
      </sampler>
      <channel source="#mixamorig_Spine2-Matrix-animation-transform" target="mixamorig_Spine2/matrix"/>
    </animation>
    <animation id="mixamorig_Neck-anim" name="mixamorig_Neck">
      <source id="mixamorig_Neck-Matrix-animation-input">
        <float_array id="mixamorig_Neck-Matrix-animation-input-array" count="22">

0.000000 0.033333 0.066667 0.100000 0.133333 0.166667 0.200000 0.233333 0.266667 0.300000 0.333333 0.366667 0.400000 0.433333 0.466667 0.500000
0.533333 0.566667 0.600000 0.633333 0.666667 0.700000</float_array>
        <technique_common>
          <accessor source="#mixamorig_Neck-Matrix-animation-input-array" count="22">
            <param name="TIME" type="float"/>
          </accessor>
        </technique_common>
      </source>
      <source id="mixamorig_Neck-Matrix-animation-output-transform">
        <float_array id="mixamorig_Neck-Matrix-animation-output-transform-array" count="352">

0.999574 0.013516 0.025873 -0.000000 -0.018208 0.981480 0.190699 19.001900 -0.022816 -0.191089 0.981308 0.000000 0.000000 0.000000 0.000000 1.000000
0.999486 -0.010569 -0.030273 -0.000000 0.014861 0.989285 0.145239 19.001900 0.028414 -0.145614 0.988933 0.000000 0.000000 0.000000 0.000000 1.000000
0.996709 -0.031173 -0.074835 0.000000 0.037903 0.995196 0.090266 19.001900 0.071662 -0.092805 0.993102 -0.000000 0.000000 0.000000 0.000000 1.000000
0.993746 -0.045569 -0.101945 0.000000 0.050727 0.997530 0.048586 19.001900 0.099479 -0.053454 0.993603 -0.000000 0.000000 0.000000 0.000000 1.000000
0.992756 -0.044504 -0.111600 0.000000 0.048601 0.998231 0.034259 19.001900 0.109878 -0.039435 0.993162 0.000000 0.000000 0.000000 0.000000 1.000000
0.993980 -0.031561 -0.104913 0.000000 0.036344 0.998371 0.043989 19.001900 0.103354 -0.047537 0.993508 -0.000000 0.000000 0.000000 0.000000 1.000000
0.996447 -0.017236 -0.082442 0.000000 0.022877 0.997425 0.067977 19.001900 0.081058 -0.069621 0.994275 0.000000 0.000000 0.000000 0.000000 1.000000
0.998771 -0.007192 -0.049030 0.000000 0.012122 0.994812 0.101007 19.001900 0.048049 -0.101477 0.993677 -0.000000 0.000000 0.000000 0.000000 1.000000
0.999910 -0.002772 -0.013159 0.000000 0.004540 0.990660 0.136282 19.001900 0.012658 -0.136330 0.990583 0.000000 0.000000 0.000000 0.000000 1.000000
0.999799 -0.005653 0.019257 -0.000000 0.002442 0.986646 0.162864 19.001900 -0.019921 -0.162784 0.986461 -0.000000 0.000000 0.000000 0.000000 1.000000
0.998675 -0.009894 0.050495 0.000000 0.001079 0.985150 0.171691 19.001900 -0.051444 -0.171409 0.983856 0.000000 0.000000 0.000000 0.000000 1.000000
0.996297 -0.000517 0.085972 -0.000000 -0.013060 0.987466 0.157290 19.001900 -0.084975 -0.157830 0.983803 0.000000 0.000000 0.000000 0.000000 1.000000
0.992459 0.023020 0.120397 -0.000000 -0.038679 0.990839 0.129391 19.001900 -0.116316 -0.133072 0.984257 0.000000 0.000000 0.000000 0.000000 1.000000
0.988424 0.044749 0.144968 0.000000 -0.061120 0.991993 0.110515 19.001900 -0.138862 -0.118096 0.983245 -0.000000 0.000000 0.000000 0.000000 1.000000
0.985387 0.056395 0.160722 0.000000 -0.074720 0.991080 0.110354 19.001900 -0.153064 -0.120750 0.980811 0.000000 0.000000 0.000000 0.000000 1.000000
0.983320 0.060510 0.171524 -0.000000 -0.082167 0.989109 0.122111 19.001900 -0.162267 -0.134168 0.977583 -0.000000 0.000000 0.000000 0.000000 1.000000
0.982992 0.059727 0.173663 0.000000 -0.084278 0.986893 0.137624 19.001900 -0.163167 -0.149919 0.975141 0.000000 0.000000 0.000000 0.000000 1.000000
0.985969 0.053472 0.158129 0.000000 -0.078151 0.984940 0.154226 19.001900 -0.147501 -0.164420 0.975300 0.000000 0.000000 0.000000 0.000000 1.000000
0.991434 0.041769 0.123748 -0.000000 -0.062698 0.983380 0.170392 19.001900 -0.114574 -0.176691 0.977575 0.000000 0.000000 0.000000 0.000000 1.000000
0.996189 0.028036 0.082595 0.000000 -0.042774 0.982280 0.182476 19.001900 -0.076015 -0.185313 0.979735 0.000000 0.000000 0.000000 0.000000 1.000000
0.998673 0.017295 0.048513 0.000000 -0.026146 0.981780 0.188212 19.001900 -0.044374 -0.189231 0.980929 0.000000 0.000000 0.000000 0.000000 1.000000
0.999574 0.013516 0.025873 0.000000 -0.018208 0.981480 0.190699 19.001900 -0.022816 -0.191089 0.981308 0.000000 0.000000 0.000000 0.000000 1.000000</float_array>
        <technique_common>
          <accessor source="#mixamorig_Neck-Matrix-animation-output-transform-array" count="22" stride="16">
            <param type="float4x4"/>
          </accessor>
        </technique_common>
      </source>
      <source id="mixamorig_Neck-Interpolations">
        <Name_array id="mixamorig_Neck-Interpolations-array" count="22">
 LINEAR LINEAR LINEAR LINEAR LINEAR LINEAR LINEAR LINEAR LINEAR LINEAR LINEAR
LINEAR LINEAR LINEAR LINEAR LINEAR LINEAR LINEAR LINEAR LINEAR LINEAR LINEAR</Name_array>
        <technique_common>
          <accessor source="#mixamorig_Neck-Interpolations-array" count="22">
            <param type="name"/>
          </accessor>
        </technique_common>
      </source>
      <sampler id="mixamorig_Neck-Matrix-animation-transform">
        <input semantic="INPUT" source="#mixamorig_Neck-Matrix-animation-input"/>
        <input semantic="OUTPUT" source="#mixamorig_Neck-Matrix-animation-output-transform"/>
        <input semantic="INTERPOLATION" source="#mixamorig_Neck-Interpolations"/>
      </sampler>
      <channel source="#mixamorig_Neck-Matrix-animation-transform" target="mixamorig_Neck/matrix"/>
    </animation>
    <animation id="mixamorig_Head-anim" name="mixamorig_Head">
      <source id="mixamorig_Head-Matrix-animation-input">
        <float_array id="mixamorig_Head-Matrix-animation-input-array" count="22">

0.000000 0.033333 0.066667 0.100000 0.133333 0.166667 0.200000 0.233333 0.266667 0.300000 0.333333 0.366667 0.400000 0.433333 0.466667 0.500000
0.533333 0.566667 0.600000 0.633333 0.666667 0.700000</float_array>
        <technique_common>
          <accessor source="#mixamorig_Head-Matrix-animation-input-array" count="22">
            <param name="TIME" type="float"/>
          </accessor>
        </technique_common>
      </source>
      <source id="mixamorig_Head-Matrix-animation-output-transform">
        <float_array id="mixamorig_Head-Matrix-animation-output-transform-array" count="352">

0.993772 0.096051 -0.056498 -0.000000 -0.061389 0.895015 0.441792 8.379200 0.093002 -0.435572 0.895337 7.480200 0.000000 0.000000 0.000000 1.000000
0.980630 0.099979 -0.168431 -0.000000 -0.016139 0.898234 0.439221 8.379200 0.195203 -0.427995 0.882449 7.480200 0.000000 0.000000 0.000000 1.000000
0.960296 0.111589 -0.255694 0.000000 0.011518 0.899882 0.435981 8.379200 0.278745 -0.421616 0.862868 7.480200 0.000000 0.000000 0.000000 1.000000
0.944039 0.114389 -0.309364 0.000000 0.034025 0.899159 0.436297 8.379200 0.328075 -0.422408 0.844949 7.480200 0.000000 0.000000 0.000000 1.000000
0.936260 0.102454 -0.336036 0.000000 0.057262 0.899232 0.433708 8.379200 0.346609 -0.425306 0.836048 7.480200 0.000000 0.000000 0.000000 1.000000
0.939456 0.086152 -0.331662 0.000000 0.068837 0.900701 0.428950 8.379200 0.335684 -0.425811 0.840239 7.480200 0.000000 0.000000 0.000000 1.000000
0.954238 0.074229 -0.289688 -0.000000 0.061134 0.899825 0.431946 8.379200 0.292732 -0.429889 0.854110 7.480200 0.000000 0.000000 0.000000 1.000000
0.972745 0.058397 -0.224404 0.000000 0.049027 0.894092 0.445193 8.379200 0.226636 -0.444061 0.866860 7.480200 0.000000 0.000000 0.000000 1.000000
0.986802 0.027723 -0.159539 0.000000 0.049183 0.887375 0.458417 8.379200 0.154279 -0.460214 0.874300 7.480200 0.000000 0.000000 0.000000 1.000000
0.995340 -0.008845 -0.096023 0.000000 0.052170 0.886860 0.459084 8.379200 0.081098 -0.461954 0.883188 7.480200 0.000000 0.000000 0.000000 1.000000
0.999251 -0.033952 -0.018567 0.000000 0.038670 0.893960 0.446475 8.379200 0.001439 -0.446859 0.894603 7.480200 0.000000 0.000000 0.000000 1.000000
0.996408 -0.048372 0.069501 0.000000 0.013838 0.902761 0.429920 8.379200 -0.083539 -0.427414 0.900188 7.480200 0.000000 0.000000 0.000000 1.000000
0.986905 -0.066872 0.146788 0.000000 -0.000511 0.908714 0.417419 8.379200 -0.161302 -0.412028 0.896780 7.480200 0.000000 0.000000 0.000000 1.000000
0.975989 -0.091522 0.197660 0.000000 0.002335 0.911790 0.410651 8.379200 -0.217808 -0.400329 0.890110 7.480200 0.000000 0.000000 0.000000 1.000000
0.969340 -0.107079 0.221166 0.000000 0.008205 0.913661 0.406393 8.379200 -0.245587 -0.392119 0.886527 7.480200 0.000000 0.000000 0.000000 1.000000
0.969612 -0.100593 0.223012 0.000000 0.002900 0.916219 0.400668 8.379200 -0.244632 -0.387845 0.888668 7.480200 0.000000 0.000000 0.000000 1.000000
0.976234 -0.073289 0.203951 0.000000 -0.013027 0.919538 0.392786 8.379200 -0.216328 -0.386108 0.896729 7.480200 0.000000 0.000000 0.000000 1.000000
0.986513 -0.034026 0.160108 -0.000000 -0.030909 0.921832 0.386356 8.379200 -0.160739 -0.386094 0.908347 7.480200 0.000000 0.000000 0.000000 1.000000
0.995316 0.008405 0.096308 -0.000000 -0.045264 0.920789 0.387426 8.379200 -0.085423 -0.389971 0.916857 7.480200 0.000000 0.000000 0.000000 1.000000
0.998423 0.046783 0.031018 0.000000 -0.055297 0.914690 0.400355 8.379200 -0.009642 -0.401439 0.915835 7.480200 0.000000 0.000000 0.000000 1.000000
0.996878 0.076386 -0.019967 0.000000 -0.060844 0.904424 0.422274 8.379200 0.050314 -0.419741 0.906248 7.480200 0.000000 0.000000 0.000000 1.000000
0.993772 0.096051 -0.056498 0.000000 -0.061389 0.895015 0.441792 8.379200 0.093002 -0.435572 0.895337 7.480200 0.000000 0.000000 0.000000 1.000000</float_array>
        <technique_common>
          <accessor source="#mixamorig_Head-Matrix-animation-output-transform-array" count="22" stride="16">
            <param type="float4x4"/>
          </accessor>
        </technique_common>
      </source>
      <source id="mixamorig_Head-Interpolations">
        <Name_array id="mixamorig_Head-Interpolations-array" count="22">
 LINEAR LINEAR LINEAR LINEAR LINEAR LINEAR LINEAR LINEAR LINEAR LINEAR LINEAR
LINEAR LINEAR LINEAR LINEAR LINEAR LINEAR LINEAR LINEAR LINEAR LINEAR LINEAR</Name_array>
        <technique_common>
          <accessor source="#mixamorig_Head-Interpolations-array" count="22">
            <param type="name"/>
          </accessor>
        </technique_common>
      </source>
      <sampler id="mixamorig_Head-Matrix-animation-transform">
        <input semantic="INPUT" source="#mixamorig_Head-Matrix-animation-input"/>
        <input semantic="OUTPUT" source="#mixamorig_Head-Matrix-animation-output-transform"/>
        <input semantic="INTERPOLATION" source="#mixamorig_Head-Interpolations"/>
      </sampler>
      <channel source="#mixamorig_Head-Matrix-animation-transform" target="mixamorig_Head/matrix"/>
    </animation>
    <animation id="mixamorig_LeftShoulder-anim" name="mixamorig_LeftShoulder">
      <source id="mixamorig_LeftShoulder-Matrix-animation-input">
        <float_array id="mixamorig_LeftShoulder-Matrix-animation-input-array" count="22">

0.000000 0.033333 0.066667 0.100000 0.133333 0.166667 0.200000 0.233333 0.266667 0.300000 0.333333 0.366667 0.400000 0.433333 0.466667 0.500000
0.533333 0.566667 0.600000 0.633333 0.666667 0.700000</float_array>
        <technique_common>
          <accessor source="#mixamorig_LeftShoulder-Matrix-animation-input-array" count="22">
            <param name="TIME" type="float"/>
          </accessor>
        </technique_common>
      </source>
      <source id="mixamorig_LeftShoulder-Matrix-animation-output-transform">
        <float_array id="mixamorig_LeftShoulder-Matrix-animation-output-transform-array" count="352">

-0.082933 0.988744 0.124527 12.066600 0.078057 0.131018 -0.988302 20.725599 -0.993493 -0.072242 -0.088044 0.960300 0.000000 0.000000 0.000000 1.000000
-0.033091 0.981297 0.189632 12.066600 0.060344 0.191352 -0.979665 20.725599 -0.997629 -0.020975 -0.065547 0.960300 0.000000 0.000000 0.000000 1.000000
0.044239 0.970920 0.235282 12.066600 0.044366 0.233371 -0.971375 20.725599 -0.998035 0.053411 -0.032752 0.960300 0.000000 0.000000 0.000000 1.000000
0.087361 0.964392 0.249633 12.066600 0.032760 0.247675 -0.968289 20.725599 -0.995638 0.092769 -0.009956 0.960300 0.000000 0.000000 0.000000 1.000000
0.104323 0.967005 0.232420 12.066600 0.023963 0.231183 -0.972615 20.725599 -0.994255 0.107035 0.000945 0.960300 0.000000 0.000000 0.000000 1.000000
0.129083 0.971476 0.198925 12.066600 0.015851 0.198556 -0.979961 20.725599 -0.991507 0.129650 0.010231 0.960300 0.000000 0.000000 0.000000 1.000000
0.173967 0.970325 0.167942 12.066600 0.008251 0.169101 -0.985564 20.725599 -0.984717 0.172842 0.021412 0.960300 0.000000 0.000000 0.000000 1.000000
0.237676 0.957409 0.163946 12.066600 0.004616 0.167668 -0.985833 20.725599 -0.971333 0.235066 0.035431 0.960300 0.000000 0.000000 0.000000 1.000000
0.312143 0.927755 0.204544 12.066600 0.010406 0.211950 -0.977225 20.725599 -0.949978 0.307163 0.056504 0.960300 0.000000 0.000000 0.000000 1.000000
0.376955 0.885711 0.270963 12.066600 0.024821 0.282779 -0.958864 20.725599 -0.925899 0.368174 0.084610 0.960300 0.000000 0.000000 0.000000 1.000000
0.413922 0.850372 0.324864 12.066600 0.038550 0.340176 -0.939571 20.725599 -0.909496 0.401432 0.108025 0.960300 0.000000 0.000000 0.000000 1.000000
0.421714 0.835824 0.351505 12.066600 0.044592 0.368075 -0.928726 20.725599 -0.905632 0.407331 0.117951 0.960300 0.000000 0.000000 0.000000 1.000000
0.411766 0.835748 0.363284 12.066600 0.045278 0.379393 -0.924127 20.725599 -0.910164 0.396973 0.118380 0.960300 0.000000 0.000000 0.000000 1.000000
0.398195 0.836361 0.376750 12.066600 0.046771 0.391670 -0.918916 20.725599 -0.916107 0.383529 0.116843 0.960300 0.000000 0.000000 0.000000 1.000000
0.387603 0.833902 0.392902 12.066600 0.050389 0.406417 -0.912297 20.725599 -0.920448 0.373407 0.115509 0.960300 0.000000 0.000000 0.000000 1.000000
0.369479 0.842218 0.392626 12.066600 0.051210 0.403427 -0.913578 20.725599 -0.927827 0.357654 0.105928 0.960300 0.000000 0.000000 0.000000 1.000000
0.325801 0.875551 0.356742 12.066600 0.045515 0.362367 -0.930923 20.725599 -0.944342 0.319533 0.078209 0.960300 0.000000 0.000000 0.000000 1.000000
0.263320 0.917611 0.297744 12.066600 0.037919 0.298553 -0.953639 20.725599 -0.963963 0.262403 0.043820 0.960300 0.000000 0.000000 0.000000 1.000000
0.213683 0.942574 0.256698 12.066600 0.036508 0.254879 -0.966284 20.725599 -0.976221 0.215850 0.020052 0.960300 0.000000 0.000000 0.000000 1.000000
0.170488 0.955196 0.241938 12.066600 0.043662 0.237968 -0.970291 20.725599 -0.984392 0.175986 -0.001135 0.960300 0.000000 0.000000 0.000000 1.000000
0.080931 0.974535 0.209120 12.066600 0.057436 0.204899 -0.977096 20.725599 -0.995063 0.091088 -0.039390 0.960300 0.000000 0.000000 0.000000 1.000000
-0.082933 0.988744 0.124528 12.066600 0.078057 0.131019 -0.988302 20.725599 -0.993493 -0.072242 -0.088044 0.960300 0.000000 0.000000 0.000000 1.000000</float_array>
        <technique_common>
          <accessor source="#mixamorig_LeftShoulder-Matrix-animation-output-transform-array" count="22" stride="16">
            <param type="float4x4"/>
          </accessor>
        </technique_common>
      </source>
      <source id="mixamorig_LeftShoulder-Interpolations">
        <Name_array id="mixamorig_LeftShoulder-Interpolations-array" count="22">
 LINEAR LINEAR LINEAR LINEAR LINEAR LINEAR LINEAR LINEAR LINEAR LINEAR LINEAR
LINEAR LINEAR LINEAR LINEAR LINEAR LINEAR LINEAR LINEAR LINEAR LINEAR LINEAR</Name_array>
        <technique_common>
          <accessor source="#mixamorig_LeftShoulder-Interpolations-array" count="22">
            <param type="name"/>
          </accessor>
        </technique_common>
      </source>
      <sampler id="mixamorig_LeftShoulder-Matrix-animation-transform">
        <input semantic="INPUT" source="#mixamorig_LeftShoulder-Matrix-animation-input"/>
        <input semantic="OUTPUT" source="#mixamorig_LeftShoulder-Matrix-animation-output-transform"/>
        <input semantic="INTERPOLATION" source="#mixamorig_LeftShoulder-Interpolations"/>
      </sampler>
      <channel source="#mixamorig_LeftShoulder-Matrix-animation-transform" target="mixamorig_LeftShoulder/matrix"/>
    </animation>
    <animation id="mixamorig_LeftArm-anim" name="mixamorig_LeftArm">
      <source id="mixamorig_LeftArm-Matrix-animation-input">
        <float_array id="mixamorig_LeftArm-Matrix-animation-input-array" count="22">

0.000000 0.033333 0.066667 0.100000 0.133333 0.166667 0.200000 0.233333 0.266667 0.300000 0.333333 0.366667 0.400000 0.433333 0.466667 0.500000
0.533333 0.566667 0.600000 0.633333 0.666667 0.700000</float_array>
        <technique_common>
          <accessor source="#mixamorig_LeftArm-Matrix-animation-input-array" count="22">
            <param name="TIME" type="float"/>
          </accessor>
        </technique_common>
      </source>
      <source id="mixamorig_LeftArm-Matrix-animation-output-transform">
        <float_array id="mixamorig_LeftArm-Matrix-animation-output-transform-array" count="352">

0.961151 -0.220527 0.166001 0.000000 0.200184 0.142863 -0.969287 24.995199 0.190038 0.964862 0.181459 0.000000 0.000000 0.000000 0.000000 1.000000
0.981790 0.047896 0.183832 0.000000 0.180648 0.064005 -0.981463 24.995199 -0.058774 0.996800 0.054188 -0.000000 0.000000 0.000000 0.000000 1.000000
0.944785 0.301122 0.129252 0.000000 0.124674 0.034458 -0.991599 24.995199 -0.303046 0.952963 -0.004987 0.000000 0.000000 0.000000 0.000000 1.000000
0.884409 0.449572 0.125320 0.000000 0.115842 0.048657 -0.992075 24.995199 -0.452107 0.891918 -0.009047 0.000000 0.000000 0.000000 0.000000 1.000000
0.865951 0.463958 0.186739 -0.000000 0.162344 0.092401 -0.982398 24.995199 -0.473047 0.881025 0.004694 0.000000 0.000000 0.000000 0.000000 1.000000
0.895171 0.359855 0.263010 0.000000 0.228143 0.136997 -0.963941 24.995199 -0.382911 0.922896 0.040538 0.000000 0.000000 0.000000 0.000000 1.000000
0.937966 0.157745 0.308765 -0.000000 0.279632 0.182359 -0.942630 24.995199 -0.205001 0.970496 0.126936 0.000000 0.000000 0.000000 0.000000 1.000000
0.956950 -0.110460 0.268411 0.000000 0.287907 0.243928 -0.926072 24.995199 0.036821 0.963482 0.265229 0.000000 0.000000 0.000000 0.000000 1.000000
0.921444 -0.372215 0.111340 0.000000 0.238060 0.314453 -0.918938 24.995199 0.307031 0.873256 0.378360 0.000000 0.000000 0.000000 0.000000 1.000000
0.827435 -0.552761 -0.099031 -0.000000 0.143101 0.378076 -0.914648 24.995199 0.543023 0.742640 0.391934 0.000000 0.000000 0.000000 0.000000 1.000000
